0.000000000000000000e+00
7.707413374191673938e-08
1.068299368967018381e-07
8.760228098481093184e-08
9.076980944655588246e-08
8.903496251377873705e-08
6.812502562070221757e-08
5.353595255996879132e-08
4.288648014494356175e-08
6.970591215349486447e-08
5.728136542870743142e-08
4.748725146441756806e-08
3.964839834225131199e-08
3.329722275680069288e-08
5.619937581968770246e-08
4.762190641827146464e-08
4.049516988402501738e-08
3.453920882634520240e-08
5.907391908976933337e-08
5.063562014129274758e-08
4.349211124576868315e-08
7.485066078061208827e-08
6.451701750620486564e-08
5.569442151909242966e-08
4.814529930285971204e-08
4.167304368252189306e-08
7.222828202202435932e-08
6.266394336762459716e-08
5.442381834086518211e-08
4.731487024400848895e-08
8.234816561980551342e-08
7.172669569399658940e-08
6.253077344808843918e-08
5.456077900589662022e-08
4.764643790622358210e-08
4.164227718206348072e-08
3.642376711354700092e-08
3.188415220733986644e-08
0.000000000000000000e+00
4.897582783769394155e-08
4.296942179848883825e-08
7.545505553707698709e-08
6.629872473240538966e-08
5.829580729255212646e-08
5.129588842578414187e-08
4.516882512461961596e-08
3.980194662744906964e-08
3.509762436237906513e-08
6.194235879775078502e-08
1.093964527854041080e-07
9.667036948712848243e-08
8.548450125545059564e-08
1.134686371528914606e-07
1.004790703973412747e-07
5.935896041364685516e-08
5.263686375656106975e-08
9.341684403807448689e-08
8.295288722592886188e-08
1.105681448620998708e-07
9.831913416746829171e-08
1.166502059390950308e-07
1.038711232581590593e-07
9.255600730284641031e-08
1.237958571209674119e-07
1.104630129589168064e-07
1.315124364964503911e-07
1.175109929363316041e-07
1.576093495714303572e-07
1.880327857861630036e-07
1.683631722926293151e-07
1.508555982354664593e-07
1.690778077545473934e-07
1.820471879909746349e-07
1.634561357377606328e-07
1.468654460268226103e-07
1.320503173474207870e-07
1.188121245832007844e-07
1.069753494675751426e-07
1.285130508676957106e-07
1.158707902959577041e-07
1.045448883019162167e-07
1.415876056398701621e-07
1.279260288811201463e-07
1.156632052357053908e-07
1.395317923424954643e-07
1.579157498099448276e-07
1.716928466066747205e-07
1.556686726189582259e-07
1.412387575783213833e-07
1.282361523635699996e-07
1.165121332746821281e-07
1.059341911968658678e-07
9.638417708401902928e-08
5.850445461419440107e-08
5.330505103984251036e-08
4.860189051214547362e-08
4.434487621551852499e-08
8.097847370436284109e-08
1.109846863300845143e-07
1.014779229535633931e-07
9.285103885758871911e-08
1.133567977262828208e-07
1.038668173691803531e-07
9.523871824512752937e-08
8.738926737805741141e-08
8.024365882874917588e-08
7.373466814897255972e-08
6.780184236276909360e-08
6.239076100200691144e-08
5.745244280319639074e-08
5.294273819345107768e-08
4.882187099042312184e-08
4.505395168052928057e-08
4.160658662044625089e-08
7.690109526947708218e-08
7.111881217269910849e-08
9.872785966535957414e-08
1.219143257458199514e-07
1.129909890096314484e-07
1.047963280598196434e-07
9.726619509820011444e-08
9.034245351813297020e-08
8.397235262691538082e-08
1.171620738205092493e-07
1.090591013053199276e-07
1.015904160794889322e-07
9.470218031992772012e-08
1.177939381591386336e-07
1.099675728255533613e-07
1.027363936145775369e-07
9.605115280919562792e-08
1.348004161627613939e-07
1.262142461655457737e-07
1.182621716111498245e-07
1.108930192117441038e-07
1.387467563063182752e-07
1.302941683434255538e-07
1.224475170147343306e-07
1.727387370920041576e-07
1.625782886094384594e-07
1.531300455326345400e-07
1.443390544864087133e-07
1.361550943101974553e-07
1.285319797261763597e-07
1.214273481764394091e-07
1.148023542896225990e-07
1.086212719769719115e-07
1.028512670586678723e-07
9.746216278472275008e-08
9.242616982874096720e-08
5.847847717177501181e-08
5.554218773795582820e-08
5.279410686398477992e-08
5.022091187356636510e-08
4.781028906108986121e-08
4.555091592806093104e-08
4.343229775827239791e-08
4.144477827594528208e-08
3.957941174803636386e-08
3.782794522066978971e-08
3.618272970129510213e-08
3.463669884240516694e-08
3.318330854540363362e-08
3.181650498618182610e-08
3.053067132441356080e-08
5.864121632725982636e-08
5.636298539002382313e-08
5.421770410407589225e-08
1.043941679768067843e-07
1.005868455195013667e-07
9.699914471639203839e-08
9.361781394545687363e-08
9.043052529023043462e-08
8.742583190723962616e-08
8.459310407715747715e-08
8.192245815052956459e-08
7.940472812606458319e-08
7.703139459636076936e-08
7.479453500991439796e-08
7.268679524941035197e-08
7.070135410458533443e-08
6.883187353423636523e-08
6.707248445536606596e-08
6.541775121604587184e-08
6.386262185742452857e-08
6.240245653543752269e-08
6.103294225567879039e-08
5.975012129511014791e-08
5.855035567492450355e-08
5.743032360783217882e-08
5.638696265464204771e-08
5.541751590953936102e-08
5.451947870938056440e-08
5.369063060811640753e-08
5.292897142794572574e-08
5.223277455002062197e-08
5.160053362374128483e-08
5.103099098846541892e-08
5.052312701536720851e-08
5.007616721286467509e-08
4.968958933204703499e-08
4.936311626124734175e-08
4.909672668418352259e-08
4.889067994895412994e-08
4.874551606803834147e-08
4.866207348186435411e-08
4.864152813865985081e-08
4.868542546887510980e-08
4.879566617432828934e-08
4.897458794062004017e-08
4.922502228055236628e-08
4.955031229769701895e-08
4.995441216237850313e-08
5.044194040237925947e-08
5.101831490605945874e-08
5.168985595105368702e-08
5.246391410196338256e-08
5.334907271503652737e-08
5.435535399556101765e-08
5.549451032038632547e-08
5.678031911315883917e-08
5.822904469710010744e-08
5.985994988577658660e-08
6.169599942040804308e-08
6.376469485758207156e-08
6.609928249190488714e-08
3.437010676066165615e-08
3.586859165238820424e-08
3.757595479214614898e-08
3.953094207531648863e-08
4.178285806233361654e-08
4.439540646217210451e-08
0.000000000000000000e+00
0.000000000000000000e+00
0.000000000000000000e+00
0.000000000000000000e+00
0.000000000000000000e+00
0.000000000000000000e+00
0.000000000000000000e+00
0.000000000000000000e+00
3.028505446422968816e-08
3.819014082750982197e-08
5.181786377761454787e-08
1.212230387181989499e-07
3.686655247747694375e-07
1.588297664056881331e-06
3.533043297920812620e-07
2.268148620032661711e-07
1.790474044582879287e-07
1.711990762487403117e-07
1.666037974246137310e-07
1.403487033257988514e-07
1.619303020561346784e-07
1.429572904498854768e-07
1.281874375536062871e-07
1.163883140975485730e-07
1.067669970211682084e-07
9.879027373926874134e-08
9.208638118707312969e-08
1.295823750524505158e-07
1.222487355789780850e-07
1.159064808575749339e-07
1.103852369510605058e-07
1.055522318438306684e-07
1.013024899521042244e-07
9.755201801908697234e-08
9.423278157782988274e-08
9.128919487011444289e-08
5.911697087412903784e-08
5.756900023357047758e-08
5.619429899184069654e-08
5.497500765727636463e-08
5.389601298588786449e-08
5.294447547044001112e-08
5.210945275280209898e-08
5.138159053785784636e-08
5.075284903455212770e-08
5.021637150548485806e-08
4.976624623509451339e-08
4.939743192267087579e-08
4.910560136295316624e-08
4.888707749728382623e-08
4.873875880662126292e-08
4.865804115183891554e-08
4.864276803573375219e-08
4.869121994488523342e-08
4.880199711010391184e-08
4.897410121884604450e-08
4.920680751752115611e-08
4.949970744405618461e-08
4.985266599533133558e-08
5.026581462175272463e-08
5.073954767453869863e-08
5.127450108943776286e-08
5.187155593944225984e-08
5.253183488207469054e-08
5.325670215938771435e-08
5.404775649253679148e-08
5.490684884534857702e-08
5.583607531889356324e-08
5.683779136234079488e-08
5.791461177295786911e-08
5.906941069611093553e-08
6.030537491596987820e-08
6.162595411751681240e-08
6.303493904624701827e-08
6.453642953374583158e-08
6.613488778839382576e-08
6.783512418451209669e-08
6.964236121120848111e-08
7.156222636695019901e-08
7.360079479212799924e-08
7.576460347991087474e-08
7.806070101423756569e-08
8.049670441323542036e-08
8.308077781293832231e-08
8.582171773241498158e-08
8.872901702261515311e-08
9.181287907722435193e-08
9.508427467608271400e-08
9.855503435574064497e-08
1.022378839365956082e-07
1.061465297880204162e-07
1.102957583043462364e-07
1.147014572211446648e-07
8.953559671454058844e-08
9.326417682586907176e-08
9.722680971435693209e-08
1.014396175946785661e-07
7.061335338676144602e-08
7.379122024531170609e-08
3.858677999346582510e-08
4.038749423784793180e-08
4.230567185459221946e-08
4.434985356738252449e-08
4.652930485349315859e-08
4.885404081278466037e-08
5.133490077469105017e-08
5.398364777420283644e-08
5.681301828985851898e-08
5.983682882515495294e-08
3.153503769226517761e-08
3.326452002738733427e-08
3.511569346414944448e-08
3.709816454033898481e-08
3.922237468145794992e-08
0.000000000000000000e+00
4.394244612626607704e-08
9.312823578966344940e-08
9.875871853637363529e-08
1.048083149157719163e-07
1.113118415219105373e-07
1.183073408128620940e-07
1.258362942735402612e-07
1.339440558467686060e-07
1.783501772933959728e-07
1.901234014667352312e-07
2.028237986451131292e-07
2.165323707004063181e-07
2.313379212637300952e-07
2.473377094247553032e-07
3.175659344378800597e-07
3.966992778714484302e-07
4.250694018992362544e-07
4.558013131372717908e-07
5.240482323642936535e-07
5.627557584375608712e-07
6.047617375770641956e-07
6.503752842945687007e-07
6.999362085480242968e-07
7.538192789979802910e-07
8.124374630824604537e-07
8.762460197431209963e-07
9.457473879592726007e-07
1.021496473185834475e-06
1.140909716923488304e-06
1.234062096955312882e-06
1.335777596978005022e-06
1.446912733626959380e-06
1.568415655128774233e-06
1.701337396298185922e-06
1.846841314545599744e-06
2.038577349594561383e-06
2.216079110439750366e-06
2.410750539638684131e-06
2.624387207106337883e-06
2.858984998965752311e-06
3.116763991783955134e-06
3.400193691049935296e-06
3.712024181368178688e-06
4.087505203642649576e-06
4.468683528102701530e-06
4.888858256890671328e-06
5.352314474293962121e-06
5.863837486685952172e-06
6.428772849176311865e-06
7.053096396703040227e-06
7.773980541969649494e-06
8.540942872059531510e-06
9.426986252947244793e-06
1.037157926475629210e-05
1.141882694355444983e-05
1.258063184650382027e-05
1.387035445077344775e-05
1.530300505692139268e-05
1.692844671197235584e-05
1.870310734375379980e-05
2.067826244456227869e-05
2.292258250236045569e-05
2.537877298891544342e-05
2.811777449096553028e-05
3.117413507425226271e-05
3.458685387158766389e-05
3.839995770249515772e-05
4.266321047907695174e-05
4.743286990560591221e-05
5.277258969726972282e-05
5.875442730030044913e-05
6.549186218762770295e-05
7.301738514797762036e-05
8.146461186697706580e-05
9.095269342651590705e-05
1.016169990180060267e-04
1.136113860411569476e-04
1.271416549570858479e-04
1.423488283762708306e-04
1.594873465364798903e-04
1.788156369002535939e-04
2.006284776143729687e-04
2.252623089589178562e-04
2.531014033593237400e-04
2.846195711754262447e-04
3.202544758096337318e-04
3.606122918426990509e-04
4.063524247612804174e-04
4.582868132274597883e-04
5.171796656213700771e-04
5.840783705934882164e-04
6.601712084375321865e-04
7.467509130947291851e-04
8.452933398075401783e-04
9.575992589816451073e-04
1.085704425349831581e-03
1.231965841725468636e-03
1.399117056280374527e-03
1.590333529748022556e-03
1.809311332181096077e-03
2.060361905023455620e-03
2.348560607060790062e-03
2.679748460650444031e-03
3.060900140553712845e-03
3.500202903524041176e-03
4.007345065474510193e-03
4.593869671225547791e-03
5.273447837680578232e-03
6.062580738216638565e-03
6.981189362704753876e-03
8.053296245634555817e-03
9.308443404734134674e-03
1.078300084918737411e-02
1.252229604870080948e-02
1.458321977406740189e-02
1.703842729330062866e-02
1.998182013630867004e-02
2.353676036000251770e-02
2.786855213344097137e-02
3.320396691560745239e-02
3.986230492591857910e-02
4.830802604556083679e-02
5.924400314688682556e-02
7.378694415092468262e-02
9.382492303848266602e-02
1.228238269686698914e-01
1.679121553897857666e-01
2.464622110128402710e-01
4.148208200931549072e-01
1.000000000000000000e+00
1.000000000000000000e+00
7.548570036888122559e-01
4.442045986652374268e-01
3.276336491107940674e-01
2.670803666114807129e-01
2.303283214569091797e-01
2.058856487274169922e-01
1.886278092861175537e-01
1.759232282638549805e-01
1.662811338901519775e-01
1.587933450937271118e-01
1.528747975826263428e-01
1.481312960386276245e-01
1.442875713109970093e-01
1.411453038454055786e-01
1.385582387447357178e-01
1.364160180091857910e-01
1.346338540315628052e-01
1.331456601619720459e-01
1.318991333246231079e-01
1.308524012565612793e-01
1.299718022346496582e-01
1.292297691106796265e-01
1.286037713289260864e-01
1.280751675367355347e-01
1.276284754276275635e-01
1.272508800029754639e-01
1.269315481185913086e-01
1.266614794731140137e-01
1.264330893754959106e-01
1.262399405241012573e-01
1.260766685009002686e-01
1.259386390447616577e-01
1.258219629526138306e-01
1.257234215736389160e-01
1.256402134895324707e-01
1.255700141191482544e-01
1.255107820034027100e-01
1.254608184099197388e-01
1.254186928272247314e-01
1.253832727670669556e-01
1.253534555435180664e-01
1.253283470869064331e-01
1.253072321414947510e-01
1.252894848585128784e-01
1.252746134996414185e-01
1.252621263265609741e-01
1.252516657114028931e-01
1.252429038286209106e-01
1.252355277538299561e-01
1.252293884754180908e-01
1.252242177724838257e-01
1.252199560403823853e-01
1.252163648605346680e-01
1.252133697271347046e-01
1.252108812332153320e-01
1.252087950706481934e-01
1.252070218324661255e-01
1.252055913209915161e-01
1.252044141292572021e-01
1.252034157514572144e-01
1.252026259899139404e-01
1.252019405364990234e-01
1.252013444900512695e-01
1.252008676528930664e-01
1.252004504203796387e-01
1.252001225948333740e-01
1.251998543739318848e-01
1.251996159553527832e-01
1.251994073390960693e-01
1.251992583274841309e-01
1.251991093158721924e-01
1.251990050077438354e-01
1.251989454030990601e-01
1.251989006996154785e-01
1.251988410949707031e-01
1.251988112926483154e-01
1.251987963914871216e-01
1.251987665891647339e-01
1.251987367868423462e-01
1.251986920833587646e-01
1.251986622810363770e-01
1.251986622810363770e-01
1.251986324787139893e-01
1.251986622810363770e-01
1.251986771821975708e-01
1.251986473798751831e-01
1.251986026763916016e-01
1.251985728740692139e-01
1.251985728740692139e-01
1.251985728740692139e-01
1.251985728740692139e-01
1.251985728740692139e-01
1.251985728740692139e-01
1.251985728740692139e-01
1.251985728740692139e-01
1.251985728740692139e-01
1.251985728740692139e-01
1.251985728740692139e-01
1.251985728740692139e-01
1.251985728740692139e-01
1.251985728740692139e-01
1.251985728740692139e-01
1.251985728740692139e-01
1.251985728740692139e-01
1.251985728740692139e-01
1.251985728740692139e-01
1.251985728740692139e-01
1.251985728740692139e-01
1.251985728740692139e-01
1.251985728740692139e-01
1.251985728740692139e-01
1.251985728740692139e-01
1.251985728740692139e-01
1.251985728740692139e-01
1.251985728740692139e-01
1.251985728740692139e-01
1.251985728740692139e-01
1.251985728740692139e-01
1.251985728740692139e-01
1.251985728740692139e-01
1.251985728740692139e-01
1.251985728740692139e-01
1.251985728740692139e-01
1.251985728740692139e-01
1.251985728740692139e-01
1.251985728740692139e-01
1.251985728740692139e-01
1.251985728740692139e-01
1.251985728740692139e-01
1.251985728740692139e-01
1.251985728740692139e-01
1.251985728740692139e-01
1.251985728740692139e-01
1.251985728740692139e-01
1.251985728740692139e-01
1.251985728740692139e-01
1.251985728740692139e-01
1.251985728740692139e-01
1.251985728740692139e-01
1.251985728740692139e-01
1.251985728740692139e-01
1.251985728740692139e-01
1.251985728740692139e-01
1.251985728740692139e-01
1.251985728740692139e-01
1.251985728740692139e-01
1.251985728740692139e-01
1.251985728740692139e-01
1.251985728740692139e-01
1.251985728740692139e-01
1.251985728740692139e-01
1.251985728740692139e-01
1.251985728740692139e-01
1.251985728740692139e-01
1.251985728740692139e-01
1.251985728740692139e-01
1.251985728740692139e-01
1.251985728740692139e-01
1.251985728740692139e-01
1.251985728740692139e-01
1.251985728740692139e-01
1.251985728740692139e-01
1.251985728740692139e-01
1.251985728740692139e-01
1.251985728740692139e-01
1.251985728740692139e-01
1.251985728740692139e-01
1.251985728740692139e-01
1.251985728740692139e-01
1.251985728740692139e-01
1.251985728740692139e-01
1.251985728740692139e-01
1.251985728740692139e-01
1.251985728740692139e-01
1.251985728740692139e-01
1.251985728740692139e-01
1.251985728740692139e-01
1.251985728740692139e-01
1.251985728740692139e-01
1.251985728740692139e-01
1.251985728740692139e-01
1.251985728740692139e-01
1.251985728740692139e-01
1.251985728740692139e-01
1.251985728740692139e-01
1.251985728740692139e-01
1.251985728740692139e-01
1.251985728740692139e-01
1.251985728740692139e-01
1.251985728740692139e-01
1.251985728740692139e-01
1.251985728740692139e-01
1.251985728740692139e-01
1.251985728740692139e-01
1.251985728740692139e-01
1.251985728740692139e-01
1.251985728740692139e-01
1.251985728740692139e-01
1.251985728740692139e-01
1.251985728740692139e-01
1.251985728740692139e-01
1.251985728740692139e-01
1.251985728740692139e-01
1.251985728740692139e-01
1.251985728740692139e-01
1.251985728740692139e-01
1.251985728740692139e-01
1.251985728740692139e-01
1.251985728740692139e-01
1.251985728740692139e-01
1.251985728740692139e-01
1.251985728740692139e-01
1.251985728740692139e-01
1.251985728740692139e-01
1.251985728740692139e-01
1.251985728740692139e-01
1.251985728740692139e-01
1.251985728740692139e-01
1.251985728740692139e-01
1.251985728740692139e-01
1.251985728740692139e-01
1.251985728740692139e-01
1.251985728740692139e-01
1.251985728740692139e-01
1.251985728740692139e-01
1.251985728740692139e-01
1.251985728740692139e-01
1.251985728740692139e-01
1.251985728740692139e-01
1.251985728740692139e-01
1.251985728740692139e-01
1.251985728740692139e-01
1.251985728740692139e-01
1.251985728740692139e-01
1.251985728740692139e-01
1.251985728740692139e-01
1.251985728740692139e-01
1.251985728740692139e-01
1.251985728740692139e-01
1.251985728740692139e-01
1.251985728740692139e-01
1.251985728740692139e-01
1.251985728740692139e-01
1.251985728740692139e-01
1.251985728740692139e-01
1.251985728740692139e-01
1.251985728740692139e-01
1.251985728740692139e-01
1.251985728740692139e-01
1.251985728740692139e-01
1.251985728740692139e-01
1.251985728740692139e-01
1.251985728740692139e-01
1.251985728740692139e-01
1.251985728740692139e-01
1.251985728740692139e-01
1.251985728740692139e-01
1.251985728740692139e-01
1.251985728740692139e-01
1.251985728740692139e-01
1.251985728740692139e-01
1.251985728740692139e-01
1.251985728740692139e-01
1.251985728740692139e-01
1.251985728740692139e-01
1.251985728740692139e-01
1.251985728740692139e-01
1.251985728740692139e-01
1.251985728740692139e-01
1.251985728740692139e-01
1.251985728740692139e-01
1.251985728740692139e-01
1.251985728740692139e-01
1.251985728740692139e-01
1.251985728740692139e-01
1.251985728740692139e-01
1.251985728740692139e-01
1.251985728740692139e-01
1.251985728740692139e-01
1.251985728740692139e-01
1.251985728740692139e-01
1.251985728740692139e-01
1.251985728740692139e-01
1.251985728740692139e-01
1.251985728740692139e-01
1.251985728740692139e-01
1.251985728740692139e-01
1.251985728740692139e-01
1.251985728740692139e-01
1.251985728740692139e-01
1.251985728740692139e-01
1.251985728740692139e-01
1.251985728740692139e-01
1.251985728740692139e-01
1.251985728740692139e-01
1.251985728740692139e-01
1.251985728740692139e-01
1.251985728740692139e-01
1.251985728740692139e-01
1.251985728740692139e-01
1.251985728740692139e-01
1.251985728740692139e-01
1.251985728740692139e-01
1.251985728740692139e-01
1.251985728740692139e-01
1.251985728740692139e-01
1.251985728740692139e-01
1.251985728740692139e-01
1.251985728740692139e-01
1.251985728740692139e-01
1.251985728740692139e-01
1.251985728740692139e-01
1.251985728740692139e-01
1.251985728740692139e-01
1.251985728740692139e-01
1.251985728740692139e-01
1.251985728740692139e-01
1.251985728740692139e-01
1.251985728740692139e-01
1.251985728740692139e-01
1.251985728740692139e-01
1.251985728740692139e-01
1.251985728740692139e-01
1.251985728740692139e-01
1.251985728740692139e-01
1.251985728740692139e-01
1.251985728740692139e-01
1.251985728740692139e-01
1.251985728740692139e-01
1.251985728740692139e-01
1.251985728740692139e-01
1.251985728740692139e-01
1.251985728740692139e-01
1.251985728740692139e-01
1.251985728740692139e-01
1.251985728740692139e-01
1.251985728740692139e-01
1.251985728740692139e-01
1.251985728740692139e-01
1.251985728740692139e-01
1.251985728740692139e-01
1.251985728740692139e-01
1.251985728740692139e-01
1.251985728740692139e-01
1.251985728740692139e-01
1.251985728740692139e-01
1.251985728740692139e-01
1.251985728740692139e-01
1.251985728740692139e-01
1.251985728740692139e-01
1.251985728740692139e-01
1.251985728740692139e-01
1.251985728740692139e-01
1.251985728740692139e-01
1.251985728740692139e-01
1.251985728740692139e-01
1.251985728740692139e-01
1.251985728740692139e-01
1.251985728740692139e-01
1.251985728740692139e-01
1.251985728740692139e-01
1.251985728740692139e-01
1.251985728740692139e-01
1.251985728740692139e-01
1.251985728740692139e-01
1.251985728740692139e-01
1.251985728740692139e-01
1.251985728740692139e-01
1.251985728740692139e-01
1.251985728740692139e-01
1.251985728740692139e-01
1.251985728740692139e-01
1.251985728740692139e-01
1.251985728740692139e-01
1.251985728740692139e-01
1.251985728740692139e-01
1.251985728740692139e-01
1.251985728740692139e-01
1.251985728740692139e-01
1.251985728740692139e-01
1.251985728740692139e-01
1.251985728740692139e-01
1.251985728740692139e-01
1.251985728740692139e-01
1.251985728740692139e-01
1.251985728740692139e-01
1.251985728740692139e-01
1.251985728740692139e-01
1.251985728740692139e-01
1.251985728740692139e-01
1.251985728740692139e-01
1.251985728740692139e-01
1.251985728740692139e-01
1.251985728740692139e-01
1.251985728740692139e-01
1.251985728740692139e-01
1.251985728740692139e-01
1.251985728740692139e-01
1.251985728740692139e-01
1.251985728740692139e-01
1.251985728740692139e-01
1.251985728740692139e-01
1.251985728740692139e-01
1.251985728740692139e-01
1.251985728740692139e-01
1.251985728740692139e-01
1.251985728740692139e-01
1.251985728740692139e-01
1.251985728740692139e-01
1.251985728740692139e-01
1.251985728740692139e-01
1.251985728740692139e-01
1.251985728740692139e-01
1.251985728740692139e-01
1.251985728740692139e-01
1.251985728740692139e-01
1.251985728740692139e-01
1.251985728740692139e-01
1.251985728740692139e-01
1.251985728740692139e-01
1.251985728740692139e-01
1.251985728740692139e-01
1.251985728740692139e-01
1.251985728740692139e-01
1.251985728740692139e-01
1.251985728740692139e-01
1.251985728740692139e-01
1.251985728740692139e-01
1.251985728740692139e-01
1.251985728740692139e-01
1.251985728740692139e-01
1.251985728740692139e-01
1.251985728740692139e-01
1.251985728740692139e-01
1.251985728740692139e-01
1.251985728740692139e-01
1.251985728740692139e-01
1.251985728740692139e-01
1.251985728740692139e-01
1.251985728740692139e-01
1.251985728740692139e-01
1.251985728740692139e-01
1.251985728740692139e-01
1.251985728740692139e-01
1.251985728740692139e-01
1.251985728740692139e-01
1.251985728740692139e-01
1.251985728740692139e-01
1.251985728740692139e-01
1.251985728740692139e-01
1.251985728740692139e-01
1.251985728740692139e-01
1.251985728740692139e-01
1.251985728740692139e-01
1.251985728740692139e-01
1.251985728740692139e-01
1.251985728740692139e-01
1.251985728740692139e-01
1.251985728740692139e-01
1.251985728740692139e-01
1.251985728740692139e-01
1.251985728740692139e-01
1.251985728740692139e-01
1.251985728740692139e-01
1.251985728740692139e-01
1.251985728740692139e-01
1.251985728740692139e-01
1.251985728740692139e-01
1.251985728740692139e-01
1.251985728740692139e-01
1.251985728740692139e-01
1.251985728740692139e-01
1.251985728740692139e-01
1.251985728740692139e-01
1.251985728740692139e-01
1.251985728740692139e-01
1.251985728740692139e-01
1.251985728740692139e-01
1.251985728740692139e-01
1.251985728740692139e-01
1.251985728740692139e-01
1.251985728740692139e-01
1.251985728740692139e-01
1.251985728740692139e-01
1.251985728740692139e-01
1.251985728740692139e-01
1.251985728740692139e-01
1.251985728740692139e-01
1.251985728740692139e-01
1.251985728740692139e-01
1.251985728740692139e-01
1.251985728740692139e-01
1.251985728740692139e-01
1.251985728740692139e-01
1.251985728740692139e-01
1.251985728740692139e-01
1.251985728740692139e-01
1.251985728740692139e-01
1.251985728740692139e-01
1.251985728740692139e-01
1.251985728740692139e-01
1.251985728740692139e-01
1.251985728740692139e-01
1.251985728740692139e-01
1.251985728740692139e-01
1.251985728740692139e-01
1.251985728740692139e-01
1.251985728740692139e-01
1.251985728740692139e-01
1.251985728740692139e-01
1.251985728740692139e-01
1.251985728740692139e-01
1.251985728740692139e-01
1.251985728740692139e-01
1.251985728740692139e-01
1.251985728740692139e-01
1.251985728740692139e-01
1.251985728740692139e-01
1.251985728740692139e-01
1.251985728740692139e-01
1.251985728740692139e-01
1.251985728740692139e-01
