0.00000000e+00,  1.20834652e-02,  2.61534173e-02,  4.25250418e-02,
6.15616143e-02,  8.36815238e-02,  1.09366290e-01,  1.39169663e-01,
1.73727959e-01,  2.13771865e-01,  2.60139763e-01,  3.13792914e-01,
3.75832617e-01,  4.47519660e-01,  5.30296326e-01,  6.25811279e-01,
7.35947669e-01,  8.62854838e-01,  1.00898409e+00,  1.17712891e+00,
1.37047040e+00,  1.59262848e+00,  1.84771872e+00,  2.14041710e+00,
2.47603202e+00,  2.86058545e+00,  3.30090356e+00,  3.80471730e+00,
4.38077688e+00,  5.03897762e+00,  5.79050159e+00,  6.64797401e+00,
7.62564039e+00,  8.73956013e+00,  1.00078239e+01,  1.14507942e+01,
1.30913744e+01,  1.49553032e+01,  1.70714836e+01,  1.94723492e+01,
2.21942577e+01,  2.52779465e+01,  2.87690105e+01,  3.27184525e+01,
3.71832695e+01,  4.22271080e+01,  4.79209900e+01,  5.43440971e+01,
6.15846367e+01,  6.97407913e+01,  7.89217529e+01,  8.92488708e+01,
1.00856888e+02,  1.13895287e+02,  1.28529785e+02,  1.44943939e+02,
1.63340897e+02,  1.83945267e+02,  2.07005249e+02,  2.32794815e+02,
2.61616180e+02,  2.93802368e+02,  3.29720154e+02,  3.69773041e+02,
4.14404541e+02,  4.64101868e+02,  5.19399597e+02,  5.80883972e+02,
6.49197083e+02,  7.25041748e+02,  8.09186646e+02,  9.02471619e+02,
1.00581342e+03,  1.12021191e+03,  1.24675671e+03,  1.38663416e+03,
1.54113464e+03,  1.71166052e+03,  1.89973438e+03,  2.10700781e+03,
2.33527100e+03,  2.58646216e+03,  2.86267773e+03,  3.16618384e+03,
3.49942700e+03,  3.86504614e+03,  4.26588525e+03,  4.70500586e+03,
5.18570117e+03,  5.71150977e+03,  6.28622949e+03,  6.91393359e+03,
7.59898535e+03,  8.34605371e+03,  9.16013184e+03,  1.00465498e+04,
1.10109961e+04,  1.20595332e+04,  1.31986133e+04,  1.44350986e+04,
1.57762793e+04,  1.72298906e+04,  1.88041309e+04,  2.05076797e+04,
2.23497148e+04,  2.43399316e+04,  2.64885586e+04,  2.88063730e+04,
3.13047168e+04,  3.39955117e+04,  3.68912734e+04,  4.00051250e+04,
4.33508086e+04,  4.69426875e+04,  5.07957695e+04,  5.49256953e+04,
5.93487578e+04,  6.40818945e+04,  6.91426875e+04,  7.45493750e+04,
8.03208203e+04,  8.64765156e+04,  9.30365781e+04,  1.00021719e+05,
1.07453219e+05,  1.15352922e+05,  1.23743195e+05,  1.32646906e+05,
1.42087359e+05,  1.52088281e+05,  1.62673750e+05,  1.73868172e+05,
1.85696172e+05,  1.98182594e+05,  2.11352375e+05,  2.25230516e+05,
2.39841922e+05,  2.55211422e+05,  2.71363594e+05,  2.88322656e+05,
3.06112438e+05,  3.24756219e+05,  3.44276562e+05,  3.64695312e+05,
3.86033344e+05,  4.08310469e+05,  4.31545344e+05,  4.55755219e+05,
4.80955938e+05,  5.07161625e+05,  5.34384625e+05,  5.62635375e+05,
5.91922125e+05,  6.22250812e+05,  6.53625000e+05,  6.86045562e+05,
7.19510625e+05,  7.54015375e+05,  7.89551875e+05,  8.26108875e+05,
8.63671750e+05,  9.02222250e+05,  9.41738500e+05,  9.82194625e+05,
1.02356088e+06,  1.06580338e+06,  1.10888388e+06,  1.15276000e+06,
1.19738500e+06,  1.24270738e+06,  1.28867125e+06,  1.33521612e+06,
1.38227675e+06,  1.42978350e+06,  1.47766200e+06,  1.52583325e+06,
1.57421362e+06,  1.62271512e+06,  1.67124525e+06,  1.71970725e+06,
1.76800025e+06,  1.81601925e+06,  1.86365550e+06,  1.91079650e+06,
1.95732650e+06,  2.00312650e+06,  2.04807450e+06,  2.09204612e+06,
2.13491450e+06,  2.17655075e+06,  2.21682475e+06,  2.25560475e+06,
2.29275850e+06,  2.32815300e+06,  2.36165550e+06,  2.39313350e+06,
2.42245575e+06,  2.44949225e+06,  2.47411475e+06,  2.49619750e+06,
2.51561750e+06,  2.53225500e+06,  2.54599450e+06,  2.55672450e+06,
2.56433875e+06,  2.56873575e+06,  2.56982050e+06,  2.56750375e+06,
2.56170325e+06,  2.55234425e+06,  2.53935900e+06,  2.52268850e+06,
2.50228175e+06,  2.47809675e+06,  2.45010050e+06,  2.41826950e+06,
2.38259025e+06,  2.34305875e+06,  2.29968150e+06,  2.25247525e+06,
2.20146725e+06,  2.14669525e+06,  2.08820762e+06,  2.02606350e+06,
1.96033250e+06,  1.89109475e+06,  1.81844075e+06,  1.74247150e+06,
1.66329775e+06,  1.58104012e+06,  1.49582888e+06,  1.40780338e+06,
1.31711162e+06,  1.22391038e+06,  1.12836412e+06,  1.03064488e+06,
9.30931625e+05,  8.29409750e+05,  7.26270562e+05,  6.21710625e+05,
5.15931031e+05,  4.09136969e+05,  3.01536906e+05,  1.93341938e+05,
8.47651484e+04, -2.39791309e+04, -1.32676031e+05, -2.41110812e+05,
-3.49069625e+05, -4.56340156e+05, -5.62712375e+05, -6.67979188e+05,
-7.71937188e+05, -8.74387125e+05, -9.75134688e+05, -1.07399112e+06,
-1.17077388e+06, -1.26530688e+06, -1.35742125e+06, -1.44695612e+06,
-1.53375838e+06, -1.61768375e+06, -1.69859700e+06, -1.77637200e+06,
-1.85089238e+06, -1.92205175e+06, -1.98975375e+06, -2.05391238e+06,
-2.11445200e+06, -2.17130775e+06, -2.22442525e+06, -2.27376075e+06,
-2.31928125e+06, -2.36096400e+06, -2.39879700e+06, -2.43277825e+06,
-2.46291600e+06, -2.48922825e+06, -2.51174250e+06, -2.53049600e+06,
-2.54553475e+06, -2.55691325e+06, -2.56469425e+06, -2.56894875e+06,
-2.56975500e+06, -2.56719825e+06, -2.56137050e+06, -2.55236950e+06,
-2.54029900e+06, -2.52526750e+06, -2.50738850e+06, -2.48677950e+06,
-2.46356150e+06, -2.43785900e+06, -2.40979875e+06, -2.37950975e+06,
-2.34712275e+06, -2.31276975e+06, -2.27658325e+06, -2.23869600e+06,
-2.19924100e+06, -2.15835000e+06, -2.11615450e+06, -2.07278388e+06,
-2.02836625e+06, -1.98302738e+06, -1.93689062e+06, -1.89007675e+06,
-1.84270325e+06, -1.79488462e+06, -1.74673162e+06, -1.69835138e+06,
-1.64984712e+06, -1.60131800e+06, -1.55285875e+06, -1.50456000e+06,
-1.45650788e+06, -1.40878388e+06, -1.36146488e+06, -1.31462338e+06,
-1.26832700e+06, -1.22263888e+06, -1.17761750e+06, -1.13331662e+06,
-1.08978575e+06, -1.04706975e+06, -1.00520919e+06, -9.64240312e+05,
-9.24195188e+05, -8.85101812e+05, -8.46984312e+05, -8.09862938e+05,
-7.73754375e+05, -7.38671688e+05, -7.04624625e+05, -6.71619750e+05,
-6.39660562e+05, -6.08747688e+05, -5.78879062e+05, -5.50050062e+05,
-5.22253656e+05, -4.95480625e+05, -4.69719719e+05, -4.44957781e+05,
-4.21179875e+05, -3.98369562e+05, -3.76508906e+05, -3.55578750e+05,
-3.35558781e+05, -3.16427719e+05, -2.98163344e+05, -2.80742781e+05,
-2.64142500e+05, -2.48338484e+05, -2.33306328e+05, -2.19021328e+05,
-2.05458625e+05, -1.92593250e+05, -1.80400234e+05, -1.68854672e+05,
-1.57931812e+05, -1.47607094e+05, -1.37856266e+05, -1.28655406e+05,
-1.19980953e+05, -1.11809789e+05, -1.04119273e+05, -9.68872656e+04,
-9.00921641e+04, -8.37129297e+04, -7.77291172e+04, -7.21208828e+04,
-6.68690078e+04, -6.19549102e+04, -5.73606367e+04, -5.30688867e+04,
-4.90630117e+04, -4.53270039e+04, -4.18455000e+04, -3.86037812e+04,
-3.55877539e+04, -3.27839570e+04, -3.01795332e+04, -2.77622324e+04,
-2.55203887e+04, -2.34429102e+04, -2.15192656e+04, -1.97394629e+04,
-1.80940371e+04, -1.65740312e+04, -1.51709805e+04, -1.38768936e+04,
-1.26842334e+04, -1.15859014e+04, -1.05752178e+04, -9.64590332e+03,
-8.79206445e+03, -8.00817188e+03, -7.28904639e+03, -6.62983984e+03,
-6.02602051e+03, -5.47335449e+03, -4.96789160e+03, -4.50595068e+03,
-4.08410278e+03, -3.69915869e+03, -3.34815454e+03, -3.02833813e+03,
-2.73715674e+03, -2.47224512e+03, -2.23141333e+03, -2.01263586e+03,
-1.81404102e+03, -1.63390100e+03, -1.47062219e+03, -1.32273596e+03,
-1.18889050e+03, -1.06784216e+03, -9.58448120e+02, -8.59659241e+02,
-7.70513062e+02, -6.90127441e+02, -6.17694641e+02, -5.52475708e+02,
-4.93795166e+02, -4.41036133e+02, -3.93635651e+02, -3.51080536e+02,
-3.12903320e+02, -2.78678528e+02, -2.48019257e+02, -2.20573975e+02,
-1.96023590e+02, -1.74078644e+02, -1.54476822e+02, -1.36980576e+02,
-1.21375023e+02, -1.07465874e+02, -9.50776520e+01, -8.40519867e+01,
-7.42460709e+01, -6.55312271e+01, -5.77916107e+01, -5.09230194e+01,
-4.48317909e+01, -3.94338112e+01, -3.46536026e+01, -3.04234848e+01,
-2.66828270e+01, -2.33773556e+01, -2.04585209e+01, -1.78829327e+01,
-1.56118431e+01, -1.36106758e+01, -1.18486032e+01, -1.02981596e+01,
-8.93489456e+00, -7.73706102e+00, -6.68532896e+00, -5.76253128e+00,
-4.95343399e+00, -4.24452925e+00, -3.62384868e+00, -3.08079576e+00,
-2.60599685e+00, -2.19116592e+00, -1.82898414e+00, -1.51299191e+00,
-1.23749256e+00, -9.97465968e-01, -7.88491547e-01, -6.06679857e-01,
-4.48611200e-01, -3.11281323e-01, -1.92052871e-01, -8.86124074e-02,
1.06786285e-03,  7.87640065e-02,  1.46030411e-01,  2.04226449e-01,
2.54540026e-01,  2.98008412e-01,  3.35536718e-01,  3.67914051e-01,
3.95827979e-01,  4.19877023e-01,  4.40581858e-01,  4.58395153e-01,
4.73710030e-01,  4.86867785e-01,  4.98164386e-01,  5.07856309e-01,
5.16165793e-01,  5.23285031e-01,  5.29380322e-01,  5.34595311e-01,
5.39054036e-01,  5.42863488e-01,  5.46115994e-01,  5.48891068e-01,
5.51257133e-01,  5.53273082e-01,  5.54989517e-01,  5.56449950e-01,
5.57691693e-01,  5.58746755e-01,  5.59642613e-01,  5.60402751e-01,
5.61047316e-01,  5.61593473e-01,  5.62055886e-01,  5.62447190e-01,
5.62778056e-01,  5.63057661e-01,  5.63293755e-01,  5.63492954e-01,
5.63660920e-01,  5.63802481e-01,  5.63921690e-01,  5.64022005e-01,
5.64106345e-01,  5.64177215e-01,  5.64236760e-01,  5.64286709e-01,
5.64328611e-01,  5.64363718e-01,  5.64393103e-01,  5.64417720e-01,
5.64438283e-01,  5.64455509e-01,  5.64469874e-01,  5.64481854e-01,
5.64491868e-01,  5.64500213e-01,  5.64507127e-01,  5.64512908e-01,
5.64517736e-01,  5.64521730e-01,  5.64525068e-01,  5.64527810e-01,
5.64530075e-01,  5.64531982e-01,  5.64533532e-01,  5.64534843e-01,
5.64535916e-01,  5.64536810e-01,  5.64537525e-01,  5.64538121e-01,
5.64538598e-01,  5.64539015e-01,  5.64539373e-01,  5.64539671e-01,
5.64539909e-01,  5.64540088e-01,  5.64540267e-01,  5.64540386e-01,
5.64540505e-01,  5.64540565e-01,  5.64540625e-01,  5.64540684e-01,
5.64540744e-01,  5.64540803e-01,  5.64540863e-01,  5.64540863e-01,
5.64540863e-01,  5.64540863e-01,  5.64540863e-01,  5.64540863e-01,
5.64540863e-01,  5.64540863e-01,  5.64540863e-01,  5.64540863e-01,
5.64540863e-01,  5.64540863e-01,  5.64540863e-01,  5.64540863e-01,
5.64540863e-01,  5.64540863e-01,  5.64540863e-01,  5.64540863e-01,
5.64540863e-01,  5.64540863e-01,  5.64540863e-01,  5.64540863e-01,
5.64540863e-01,  5.64540863e-01,  5.64540863e-01,  5.64540863e-01,
5.64540863e-01,  5.64540863e-01,  5.64540863e-01,  5.64540863e-01,
5.64540863e-01,  5.64540863e-01,  5.64540863e-01,  5.64540863e-01,
5.64540863e-01,  5.64540863e-01,  5.64540863e-01,  5.64540863e-01,
5.64540863e-01,  5.64540863e-01,  5.64540863e-01,  5.64540863e-01,
5.64540863e-01,  5.64540863e-01,  5.64540863e-01,  5.64540863e-01,
5.64540863e-01,  5.64540863e-01,  5.64540863e-01,  5.64540863e-01,
5.64540863e-01,  5.64540863e-01,  5.64540863e-01,  5.64540863e-01,
5.64540863e-01,  5.64540863e-01,  5.64540863e-01,  5.64540863e-01,
5.64540863e-01,  5.64540863e-01,  5.64540863e-01,  5.64540863e-01,
5.64540863e-01,  5.64540863e-01,  5.64540863e-01,  5.64540863e-01,
5.64540863e-01,  5.64540863e-01,  5.64540863e-01,  5.64540863e-01,
5.64540863e-01,  5.64540863e-01,  5.64540863e-01,  5.64540863e-01,
5.64540863e-01,  5.64540863e-01,  5.64540863e-01,  5.64540863e-01,
5.64540863e-01,  5.64540863e-01,  5.64540863e-01,  5.64540863e-01,
5.64540863e-01,  5.64540863e-01,  5.64540863e-01,  5.64540863e-01,
5.64540863e-01,  5.64540863e-01,  5.64540863e-01,  5.64540863e-01,
5.64540863e-01,  5.64540863e-01,  5.64540863e-01,  5.64540863e-01,
5.64540863e-01,  5.64540863e-01,  5.64540863e-01,  5.64540863e-01,
5.64540863e-01,  5.64540863e-01,  5.64540863e-01,  5.64540863e-01,
5.64540863e-01,  5.64540863e-01,  5.64540863e-01,  5.64540863e-01,
5.64540863e-01,  5.64540863e-01,  5.64540863e-01,  5.64540863e-01,
5.64540863e-01,  5.64540863e-01,  5.64540863e-01,  5.64540863e-01,
5.64540863e-01,  5.64540863e-01,  5.64540863e-01,  5.64540863e-01,
5.64540863e-01,  5.64540863e-01,  5.64540863e-01,  5.64540863e-01,
5.64540863e-01,  5.64540863e-01,  5.64540863e-01,  5.64540863e-01,
5.64540863e-01,  5.64540863e-01,  5.64540863e-01,  5.64540863e-01,
5.64540863e-01,  5.64540863e-01,  5.64540863e-01,  5.64540863e-01,
5.64540863e-01,  5.64540863e-01,  5.64540863e-01,  5.64540863e-01,
5.64540863e-01,  5.64540863e-01,  5.64540863e-01,  5.64540863e-01,
5.64540863e-01,  5.64540863e-01,  5.64540863e-01,  5.64540863e-01,
5.64540863e-01,  5.64540863e-01,  5.64540863e-01,  5.64540863e-01,
5.64540863e-01,  5.64540863e-01,  5.64540863e-01,  5.64540863e-01,
5.64540863e-01,  5.64540863e-01,  5.64540863e-01,  5.64540863e-01,
5.64540863e-01,  5.64540863e-01,  5.64540863e-01,  5.64540863e-01,
5.64540863e-01,  5.64540863e-01,  5.64540863e-01,  5.64540863e-01,
5.64540863e-01,  5.64540863e-01,  5.64540863e-01,  5.64540863e-01,
5.64540863e-01,  5.64540863e-01,  5.64540863e-01,  5.64540863e-01,
5.64540863e-01,  5.64540863e-01,  5.64540863e-01,  5.64540863e-01,
5.64540863e-01,  5.64540863e-01,  5.64540863e-01,  5.64540863e-01,
5.64540863e-01,  5.64540863e-01,  5.64540863e-01,  5.64540863e-01,
5.64540863e-01,  5.64540863e-01,  5.64540863e-01,  5.64540863e-01,
5.64540863e-01,  5.64540863e-01,  5.64540863e-01,  5.64540863e-01,
5.64540863e-01,  5.64540863e-01,  5.64540863e-01,  5.64540863e-01,
5.64540863e-01,  5.64540863e-01,  5.64540863e-01,  5.64540863e-01,
5.64540863e-01,  5.64540863e-01,  5.64540863e-01,  5.64540863e-01,
5.64540863e-01,  5.64540863e-01,  5.64540863e-01,  5.64540863e-01,
5.64540863e-01,  5.64540863e-01,  5.64540863e-01,  5.64540863e-01,
5.64540863e-01,  5.64540863e-01,  5.64540863e-01,  5.64540863e-01,
5.64540863e-01,  5.64540863e-01,  5.64540863e-01,  5.64540863e-01,
5.64540863e-01,  5.64540863e-01,  5.64540863e-01,  5.64540863e-01,
5.64540863e-01,  5.64540863e-01,  5.64540863e-01,  5.64540863e-01,
5.64540863e-01,  5.64540863e-01,  5.64540863e-01,  5.64540863e-01,
5.64540863e-01,  5.64540863e-01,  5.64540863e-01,  5.64540863e-01,
5.64540863e-01,  5.64540863e-01,  5.64540863e-01,  5.64540863e-01,
5.64540863e-01,  5.64540863e-01,  5.64540863e-01,  5.64540863e-01,
5.64540863e-01,  5.64540863e-01,  5.64540863e-01,  5.64540863e-01,
5.64540863e-01,  5.64540863e-01,  5.64540863e-01,  5.64540863e-01,
5.64540863e-01,  5.64540863e-01,  5.64540863e-01,  5.64540863e-01,
5.64540863e-01,  5.64540863e-01,  5.64540863e-01,  5.64540863e-01,
5.64540863e-01,  5.64540863e-01,  5.64540863e-01,  5.64540863e-01,
5.64540863e-01,  5.64540863e-01,  5.64540863e-01,  5.64540863e-01,
5.64540863e-01,  5.64540863e-01,  5.64540863e-01,  5.64540863e-01,
5.64540863e-01,  5.64540863e-01,  5.64540863e-01,  5.64540863e-01,
5.64540863e-01,  5.64540863e-01,  5.64540863e-01,  5.64540863e-01,
5.64540863e-01,  5.64540863e-01,  5.64540863e-01,  5.64540863e-01,
5.64540863e-01,  5.64540863e-01,  5.64540863e-01,  5.64540863e-01,
5.64540863e-01,  5.64540863e-01,  5.64540863e-01,  5.64540863e-01,
5.64540863e-01,  5.64540863e-01,  5.64540863e-01,  5.64540863e-01,
5.64540863e-01,  5.64540863e-01,  5.64540863e-01,  5.64540863e-01,
5.64540863e-01,  5.64540863e-01,  5.64540863e-01,  5.64540863e-01,
5.64540863e-01,  5.64540863e-01,  5.64540863e-01,  5.64540863e-01,
5.64540863e-01,  5.64540863e-01,  5.64540863e-01,  5.64540863e-01,
5.64540863e-01,  5.64540863e-01,  5.64540863e-01,  5.64540863e-01,
5.64540863e-01,  5.64540863e-01,  5.64540863e-01,  5.64540863e-01,
5.64540863e-01,  5.64540863e-01,  5.64540863e-01,  5.64540863e-01,
5.64540863e-01,  5.64540863e-01,  5.64540863e-01,  5.64540863e-01,
5.64540863e-01,  5.64540863e-01,  5.64540863e-01,  5.64540863e-01,
5.64540863e-01,  5.64540863e-01,  5.64540863e-01,  5.64540863e-01,
5.64540863e-01,  5.64540863e-01,  5.64540863e-01,  5.64540863e-01,
5.64540863e-01,  5.64540863e-01,  5.64540863e-01,  5.64540863e-01,
5.64540863e-01,  5.64540863e-01,  5.64540863e-01,  5.64540863e-01,
5.64540863e-01,  5.64540863e-01,  5.64540863e-01,  5.64540863e-01,
5.64540863e-01,  5.64540863e-01,  5.64540863e-01,  5.64540863e-01,
5.64540863e-01,  5.64540863e-01,  5.64540863e-01,  5.64540863e-01,
5.64540863e-01,  5.64540863e-01,  5.64540863e-01,  5.64540863e-01,
5.64540863e-01,  5.64540863e-01,  5.64540863e-01,  5.64540863e-01,
5.64540863e-01,  5.64540863e-01,  5.64540863e-01,  5.64540863e-01,
5.64540863e-01,  5.64540863e-01,  5.64540863e-01,  5.64540863e-01,
5.64540863e-01,  5.64540863e-01,  5.64540863e-01,  5.64540863e-01,
5.64540863e-01,  5.64540863e-01,  5.64540863e-01,  5.64540863e-01,
5.64540863e-01,  5.64540863e-01,  5.64540863e-01,  5.64540863e-01,
5.64540863e-01,  5.64540863e-01,  5.64540863e-01,  5.64540863e-01,
5.64540863e-01,  5.64540863e-01,  5.64540863e-01,  5.64540863e-01,
5.64540863e-01,  5.64540863e-01,  5.64540863e-01,  5.64540863e-01,
5.64540863e-01,  5.64540863e-01,  5.64540863e-01,  5.64540863e-01,
5.64540863e-01,  5.64540863e-01,  5.64540863e-01,  5.64540863e-01,
5.64540863e-01,  5.64540863e-01,  5.64540863e-01,  5.64540863e-01,
5.64540863e-01,  5.64540863e-01,  5.64540863e-01,  5.64540863e-01,
5.64540863e-01,  5.64540863e-01,  5.64540863e-01,  5.64540863e-01,
5.64540863e-01,  5.64540863e-01,  5.64540863e-01,  5.64540863e-01,
5.64540863e-01,  5.64540863e-01,  5.64540863e-01,  5.64540863e-01,
5.64540863e-01,  5.64540863e-01,  5.64540863e-01,  5.64540863e-01,
5.64540863e-01,  5.64540863e-01,  5.64540863e-01,  5.64540863e-01