0.000000000000000000e+00
1.862645149230957031e-09
5.587935447692871094e-09
7.450580596923828125e-09
1.117587089538574219e-08
1.490116119384765625e-08
1.490116119384765625e-08
1.490116119384765625e-08
1.490116119384765625e-08
2.980232238769531250e-08
2.980232238769531250e-08
2.980232238769531250e-08
2.980232238769531250e-08
2.980232238769531250e-08
5.960464477539062500e-08
5.960464477539062500e-08
5.960464477539062500e-08
5.960464477539062500e-08
1.192092895507812500e-07
1.192092895507812500e-07
1.192092895507812500e-07
2.384185791015625000e-07
2.384185791015625000e-07
2.384185791015625000e-07
2.384185791015625000e-07
2.384185791015625000e-07
4.768371582031250000e-07
4.768371582031250000e-07
4.768371582031250000e-07
4.768371582031250000e-07
9.536743164062500000e-07
9.536743164062500000e-07
9.536743164062500000e-07
9.536743164062500000e-07
9.536743164062500000e-07
9.536743164062500000e-07
9.536743164062500000e-07
9.536743164062500000e-07
0.000000000000000000e+00
1.907348632812500000e-06
1.907348632812500000e-06
3.814697265625000000e-06
3.814697265625000000e-06
3.814697265625000000e-06
3.814697265625000000e-06
3.814697265625000000e-06
3.814697265625000000e-06
3.814697265625000000e-06
7.629394531250000000e-06
1.525878906250000000e-05
1.525878906250000000e-05
1.525878906250000000e-05
2.288818359375000000e-05
2.288818359375000000e-05
1.525878906250000000e-05
1.525878906250000000e-05
3.051757812500000000e-05
3.051757812500000000e-05
4.577636718750000000e-05
4.577636718750000000e-05
6.103515625000000000e-05
6.103515625000000000e-05
6.103515625000000000e-05
9.155273437500000000e-05
9.155273437500000000e-05
1.220703125000000000e-04
1.220703125000000000e-04
1.831054687500000000e-04
2.441406250000000000e-04
2.441406250000000000e-04
2.441406250000000000e-04
3.051757812500000000e-04
3.662109375000000000e-04
3.662109375000000000e-04
3.662109375000000000e-04
3.662109375000000000e-04
3.662109375000000000e-04
3.662109375000000000e-04
4.882812500000000000e-04
4.882812500000000000e-04
4.882812500000000000e-04
7.324218750000000000e-04
7.324218750000000000e-04
7.324218750000000000e-04
9.765625000000000000e-04
1.220703125000000000e-03
1.464843750000000000e-03
1.464843750000000000e-03
1.464843750000000000e-03
1.464843750000000000e-03
1.464843750000000000e-03
1.464843750000000000e-03
1.464843750000000000e-03
9.765625000000000000e-04
9.765625000000000000e-04
9.765625000000000000e-04
9.765625000000000000e-04
1.953125000000000000e-03
2.929687500000000000e-03
2.929687500000000000e-03
2.929687500000000000e-03
3.906250000000000000e-03
3.906250000000000000e-03
3.906250000000000000e-03
3.906250000000000000e-03
3.906250000000000000e-03
3.906250000000000000e-03
3.906250000000000000e-03
3.906250000000000000e-03
3.906250000000000000e-03
3.906250000000000000e-03
3.906250000000000000e-03
3.906250000000000000e-03
3.906250000000000000e-03
7.812500000000000000e-03
7.812500000000000000e-03
1.171875000000000000e-02
1.562500000000000000e-02
1.562500000000000000e-02
1.562500000000000000e-02
1.562500000000000000e-02
1.562500000000000000e-02
1.562500000000000000e-02
2.343750000000000000e-02
2.343750000000000000e-02
2.343750000000000000e-02
2.343750000000000000e-02
3.125000000000000000e-02
3.125000000000000000e-02
3.125000000000000000e-02
3.125000000000000000e-02
4.687500000000000000e-02
4.687500000000000000e-02
4.687500000000000000e-02
4.687500000000000000e-02
6.250000000000000000e-02
6.250000000000000000e-02
6.250000000000000000e-02
9.375000000000000000e-02
9.375000000000000000e-02
9.375000000000000000e-02
9.375000000000000000e-02
9.375000000000000000e-02
9.375000000000000000e-02
9.375000000000000000e-02
9.375000000000000000e-02
9.375000000000000000e-02
9.375000000000000000e-02
9.375000000000000000e-02
9.375000000000000000e-02
6.250000000000000000e-02
6.250000000000000000e-02
6.250000000000000000e-02
6.250000000000000000e-02
6.250000000000000000e-02
6.250000000000000000e-02
6.250000000000000000e-02
6.250000000000000000e-02
6.250000000000000000e-02
6.250000000000000000e-02
6.250000000000000000e-02
6.250000000000000000e-02
6.250000000000000000e-02
6.250000000000000000e-02
6.250000000000000000e-02
1.250000000000000000e-01
1.250000000000000000e-01
1.250000000000000000e-01
2.500000000000000000e-01
2.500000000000000000e-01
2.500000000000000000e-01
2.500000000000000000e-01
2.500000000000000000e-01
2.500000000000000000e-01
2.500000000000000000e-01
2.500000000000000000e-01
2.500000000000000000e-01
2.500000000000000000e-01
2.500000000000000000e-01
2.500000000000000000e-01
2.500000000000000000e-01
2.500000000000000000e-01
2.500000000000000000e-01
2.500000000000000000e-01
2.500000000000000000e-01
2.500000000000000000e-01
2.500000000000000000e-01
2.500000000000000000e-01
2.500000000000000000e-01
2.500000000000000000e-01
2.500000000000000000e-01
2.500000000000000000e-01
2.500000000000000000e-01
2.500000000000000000e-01
2.500000000000000000e-01
2.500000000000000000e-01
2.500000000000000000e-01
2.500000000000000000e-01
2.500000000000000000e-01
2.500000000000000000e-01
2.500000000000000000e-01
2.500000000000000000e-01
2.500000000000000000e-01
2.500000000000000000e-01
2.500000000000000000e-01
2.500000000000000000e-01
2.500000000000000000e-01
2.500000000000000000e-01
2.500000000000000000e-01
2.500000000000000000e-01
2.500000000000000000e-01
2.500000000000000000e-01
2.500000000000000000e-01
2.500000000000000000e-01
2.500000000000000000e-01
2.500000000000000000e-01
2.500000000000000000e-01
2.500000000000000000e-01
2.500000000000000000e-01
2.500000000000000000e-01
2.500000000000000000e-01
2.500000000000000000e-01
2.500000000000000000e-01
2.500000000000000000e-01
2.500000000000000000e-01
2.500000000000000000e-01
1.250000000000000000e-01
1.250000000000000000e-01
1.250000000000000000e-01
1.250000000000000000e-01
1.250000000000000000e-01
1.250000000000000000e-01
0.000000000000000000e+00
0.000000000000000000e+00
0.000000000000000000e+00
0.000000000000000000e+00
0.000000000000000000e+00
0.000000000000000000e+00
0.000000000000000000e+00
0.000000000000000000e+00
-3.125000000000000000e-02
-3.125000000000000000e-02
-3.125000000000000000e-02
-4.687500000000000000e-02
-6.250000000000000000e-02
-7.617187500000000000e-02
-9.375000000000000000e-02
-1.093750000000000000e-01
-1.250000000000000000e-01
-1.562500000000000000e-01
-1.875000000000000000e-01
-1.875000000000000000e-01
-2.500000000000000000e-01
-2.500000000000000000e-01
-2.500000000000000000e-01
-2.500000000000000000e-01
-2.500000000000000000e-01
-2.500000000000000000e-01
-2.500000000000000000e-01
-3.750000000000000000e-01
-3.750000000000000000e-01
-3.750000000000000000e-01
-3.750000000000000000e-01
-3.750000000000000000e-01
-3.750000000000000000e-01
-3.750000000000000000e-01
-3.750000000000000000e-01
-3.750000000000000000e-01
-2.500000000000000000e-01
-2.500000000000000000e-01
-2.500000000000000000e-01
-2.500000000000000000e-01
-2.500000000000000000e-01
-2.500000000000000000e-01
-2.500000000000000000e-01
-2.500000000000000000e-01
-2.500000000000000000e-01
-2.500000000000000000e-01
-2.500000000000000000e-01
-2.500000000000000000e-01
-2.500000000000000000e-01
-2.500000000000000000e-01
-2.500000000000000000e-01
-2.500000000000000000e-01
-2.500000000000000000e-01
-2.500000000000000000e-01
-2.500000000000000000e-01
-2.500000000000000000e-01
-2.500000000000000000e-01
-2.500000000000000000e-01
-2.500000000000000000e-01
-2.500000000000000000e-01
-2.500000000000000000e-01
-2.500000000000000000e-01
-2.500000000000000000e-01
-2.500000000000000000e-01
-2.500000000000000000e-01
-2.500000000000000000e-01
-2.500000000000000000e-01
-2.500000000000000000e-01
-2.500000000000000000e-01
-2.500000000000000000e-01
-2.500000000000000000e-01
-2.500000000000000000e-01
-2.500000000000000000e-01
-2.500000000000000000e-01
-2.500000000000000000e-01
-2.500000000000000000e-01
-2.500000000000000000e-01
-2.500000000000000000e-01
-2.500000000000000000e-01
-2.500000000000000000e-01
-2.500000000000000000e-01
-2.500000000000000000e-01
-2.500000000000000000e-01
-2.500000000000000000e-01
-2.500000000000000000e-01
-2.500000000000000000e-01
-2.500000000000000000e-01
-2.500000000000000000e-01
-2.500000000000000000e-01
-2.500000000000000000e-01
-2.500000000000000000e-01
-2.500000000000000000e-01
-2.500000000000000000e-01
-1.875000000000000000e-01
-1.875000000000000000e-01
-1.875000000000000000e-01
-1.875000000000000000e-01
-1.250000000000000000e-01
-1.250000000000000000e-01
-6.250000000000000000e-02
-6.250000000000000000e-02
-6.250000000000000000e-02
-6.250000000000000000e-02
-6.250000000000000000e-02
-6.250000000000000000e-02
-6.250000000000000000e-02
-6.250000000000000000e-02
-6.250000000000000000e-02
-6.250000000000000000e-02
-3.125000000000000000e-02
-3.125000000000000000e-02
-3.125000000000000000e-02
-3.125000000000000000e-02
-3.125000000000000000e-02
0.000000000000000000e+00
3.125000000000000000e-02
6.250000000000000000e-02
6.250000000000000000e-02
6.250000000000000000e-02
6.250000000000000000e-02
6.250000000000000000e-02
6.250000000000000000e-02
6.250000000000000000e-02
7.812500000000000000e-02
7.812500000000000000e-02
7.812500000000000000e-02
7.812500000000000000e-02
7.812500000000000000e-02
7.812500000000000000e-02
9.375000000000000000e-02
1.093750000000000000e-01
1.093750000000000000e-01
1.093750000000000000e-01
1.171875000000000000e-01
1.171875000000000000e-01
1.171875000000000000e-01
1.171875000000000000e-01
1.171875000000000000e-01
1.171875000000000000e-01
1.171875000000000000e-01
1.171875000000000000e-01
1.171875000000000000e-01
1.171875000000000000e-01
1.210937500000000000e-01
1.210937500000000000e-01
1.210937500000000000e-01
1.210937500000000000e-01
1.210937500000000000e-01
1.210937500000000000e-01
1.210937500000000000e-01
1.230468750000000000e-01
1.230468750000000000e-01
1.230468750000000000e-01
1.230468750000000000e-01
1.230468750000000000e-01
1.230468750000000000e-01
1.230468750000000000e-01
1.230468750000000000e-01
1.240234375000000000e-01
1.240234375000000000e-01
1.240234375000000000e-01
1.240234375000000000e-01
1.240234375000000000e-01
1.240234375000000000e-01
1.240234375000000000e-01
1.245117187500000000e-01
1.245117187500000000e-01
1.250000000000000000e-01
1.250000000000000000e-01
1.250000000000000000e-01
1.250000000000000000e-01
1.250000000000000000e-01
1.250000000000000000e-01
1.252441406250000000e-01
1.252441406250000000e-01
1.252441406250000000e-01
1.254882812500000000e-01
1.254882812500000000e-01
1.254882812500000000e-01
1.254882812500000000e-01
1.254882812500000000e-01
1.254882812500000000e-01
1.254882812500000000e-01
1.254882812500000000e-01
1.254882812500000000e-01
1.254882812500000000e-01
1.255493164062500000e-01
1.255493164062500000e-01
1.255493164062500000e-01
1.255493164062500000e-01
1.255493164062500000e-01
1.255493164062500000e-01
1.255798339843750000e-01
1.255798339843750000e-01
1.255798339843750000e-01
1.255798339843750000e-01
1.255798339843750000e-01
1.255798339843750000e-01
1.255798339843750000e-01
1.255950927734375000e-01
1.255950927734375000e-01
1.255950927734375000e-01
1.255950927734375000e-01
1.256103515625000000e-01
1.256103515625000000e-01
1.256103515625000000e-01
1.256179809570312500e-01
1.256256103515625000e-01
1.256256103515625000e-01
1.256256103515625000e-01
1.256256103515625000e-01
1.256256103515625000e-01
1.256256103515625000e-01
1.256256103515625000e-01
1.256256103515625000e-01
1.256256103515625000e-01
1.256275177001953125e-01
1.256275177001953125e-01
1.256275177001953125e-01
1.256275177001953125e-01
1.256275177001953125e-01
1.256284713745117188e-01
1.256284713745117188e-01
1.256284713745117188e-01
1.256294250488281250e-01
1.256294250488281250e-01
1.256294250488281250e-01
1.256294250488281250e-01
1.256299018859863281e-01
1.256299018859863281e-01
1.256299018859863281e-01
1.256301403045654297e-01
1.256303787231445312e-01
1.256303787231445312e-01
1.256304979324340820e-01
1.256306171417236328e-01
1.256306171417236328e-01
1.256306171417236328e-01
1.256306767463684082e-01
1.256306767463684082e-01
1.256307363510131836e-01
1.256307661533355713e-01
1.256307959556579590e-01
1.256308108568191528e-01
1.256308257579803467e-01
1.256308257579803467e-01
1.256308406591415405e-01
1.256308555603027344e-01
1.256308555603027344e-01
1.256308555603027344e-01
1.256308704614639282e-01
1.256308555603027344e-01
1.256308555603027344e-01
1.256308555603027344e-01
1.256308555603027344e-01
1.256308555603027344e-01
1.256308555603027344e-01
1.256308555603027344e-01
1.256308853626251221e-01
1.256308555603027344e-01
1.256308555603027344e-01
1.256308555603027344e-01
1.256308555603027344e-01
1.256308853626251221e-01
1.256309151649475098e-01
1.256308853626251221e-01
1.256308853626251221e-01
1.256308853626251221e-01
1.256308853626251221e-01
1.256308853626251221e-01
1.256308555603027344e-01
1.256308555603027344e-01
1.256308257579803467e-01
1.256307959556579590e-01
1.256307959556579590e-01
1.256307959556579590e-01
1.256308257579803467e-01
1.256308555603027344e-01
1.256308257579803467e-01
1.256308257579803467e-01
1.256308257579803467e-01
1.256308555603027344e-01
1.256308555603027344e-01
1.256308257579803467e-01
1.256307959556579590e-01
1.256307959556579590e-01
1.256307959556579590e-01
1.256307959556579590e-01
1.256307661533355713e-01
1.256307363510131836e-01
1.256307363510131836e-01
1.256307363510131836e-01
1.256307363510131836e-01
1.256307363510131836e-01
1.256307065486907959e-01
1.256307065486907959e-01
1.256306767463684082e-01
1.256307065486907959e-01
1.256307065486907959e-01
1.256307065486907959e-01
1.256307065486907959e-01
1.256307065486907959e-01
1.256306767463684082e-01
1.256306767463684082e-01
1.256307065486907959e-01
1.256307065486907959e-01
1.256307363510131836e-01
1.256307363510131836e-01
1.256307065486907959e-01
1.256307065486907959e-01
1.256306767463684082e-01
1.256306767463684082e-01
1.256306767463684082e-01
1.256306767463684082e-01
1.256306469440460205e-01
1.256306469440460205e-01
1.256306171417236328e-01
1.256306171417236328e-01
1.256306469440460205e-01
1.256306767463684082e-01
1.256306767463684082e-01
1.256306767463684082e-01
1.256307065486907959e-01
1.256307065486907959e-01
1.256307065486907959e-01
1.256306767463684082e-01
1.256306767463684082e-01
1.256306767463684082e-01
1.256306767463684082e-01
1.256307065486907959e-01
1.256307363510131836e-01
1.256307065486907959e-01
1.256306767463684082e-01
1.256306469440460205e-01
1.256306469440460205e-01
1.256306469440460205e-01
1.256306469440460205e-01
1.256306469440460205e-01
1.256306469440460205e-01
1.256306469440460205e-01
1.256306469440460205e-01
1.256306469440460205e-01
1.256306469440460205e-01
1.256306469440460205e-01
1.256306469440460205e-01
1.256306469440460205e-01
1.256306469440460205e-01
1.256306469440460205e-01
1.256306469440460205e-01
1.256306469440460205e-01
1.256306469440460205e-01
1.256306469440460205e-01
1.256306469440460205e-01
1.256306469440460205e-01
1.256306469440460205e-01
1.256306469440460205e-01
1.256306469440460205e-01
1.256306469440460205e-01
1.256306469440460205e-01
1.256306469440460205e-01
1.256306469440460205e-01
1.256306469440460205e-01
1.256306469440460205e-01
1.256306469440460205e-01
1.256306469440460205e-01
1.256306469440460205e-01
1.256306469440460205e-01
1.256306469440460205e-01
1.256306469440460205e-01
1.256306469440460205e-01
1.256306469440460205e-01
1.256306469440460205e-01
1.256306469440460205e-01
1.256306469440460205e-01
1.256306469440460205e-01
1.256306469440460205e-01
1.256306469440460205e-01
1.256306469440460205e-01
1.256306469440460205e-01
1.256306469440460205e-01
1.256306469440460205e-01
1.256306469440460205e-01
1.256306469440460205e-01
1.256306469440460205e-01
1.256306469440460205e-01
1.256306469440460205e-01
1.256306469440460205e-01
1.256306469440460205e-01
1.256306469440460205e-01
1.256306469440460205e-01
1.256306469440460205e-01
1.256306469440460205e-01
1.256306469440460205e-01
1.256306469440460205e-01
1.256306469440460205e-01
1.256306469440460205e-01
1.256306469440460205e-01
1.256306469440460205e-01
1.256306469440460205e-01
1.256306469440460205e-01
1.256306469440460205e-01
1.256306469440460205e-01
1.256306469440460205e-01
1.256306469440460205e-01
1.256306469440460205e-01
1.256306469440460205e-01
1.256306469440460205e-01
1.256306469440460205e-01
1.256306469440460205e-01
1.256306469440460205e-01
1.256306469440460205e-01
1.256306469440460205e-01
1.256306469440460205e-01
1.256306469440460205e-01
1.256306469440460205e-01
1.256306469440460205e-01
1.256306469440460205e-01
1.256306469440460205e-01
1.256306469440460205e-01
1.256306469440460205e-01
1.256306469440460205e-01
1.256306469440460205e-01
1.256306469440460205e-01
1.256306469440460205e-01
1.256306469440460205e-01
1.256306469440460205e-01
1.256306469440460205e-01
1.256306469440460205e-01
1.256306469440460205e-01
1.256306469440460205e-01
1.256306469440460205e-01
1.256306469440460205e-01
1.256306469440460205e-01
1.256306469440460205e-01
1.256306469440460205e-01
1.256306469440460205e-01
1.256306469440460205e-01
1.256306469440460205e-01
1.256306469440460205e-01
1.256306469440460205e-01
1.256306469440460205e-01
1.256306469440460205e-01
1.256306469440460205e-01
1.256306469440460205e-01
1.256306469440460205e-01
1.256306469440460205e-01
1.256306469440460205e-01
1.256306469440460205e-01
1.256306469440460205e-01
1.256306469440460205e-01
1.256306469440460205e-01
1.256306469440460205e-01
1.256306469440460205e-01
1.256306469440460205e-01
1.256306469440460205e-01
1.256306469440460205e-01
1.256306469440460205e-01
1.256306469440460205e-01
1.256306469440460205e-01
1.256306469440460205e-01
1.256306469440460205e-01
1.256306469440460205e-01
1.256306469440460205e-01
1.256306469440460205e-01
1.256306469440460205e-01
1.256306469440460205e-01
1.256306469440460205e-01
1.256306469440460205e-01
1.256306469440460205e-01
1.256306469440460205e-01
1.256306469440460205e-01
1.256306469440460205e-01
1.256306469440460205e-01
1.256306469440460205e-01
1.256306469440460205e-01
1.256306469440460205e-01
1.256306469440460205e-01
1.256306469440460205e-01
1.256306469440460205e-01
1.256306469440460205e-01
1.256306469440460205e-01
1.256306469440460205e-01
1.256306469440460205e-01
1.256306469440460205e-01
1.256306469440460205e-01
1.256306469440460205e-01
1.256306469440460205e-01
1.256306469440460205e-01
1.256306469440460205e-01
1.256306469440460205e-01
1.256306469440460205e-01
1.256306469440460205e-01
1.256306469440460205e-01
1.256306469440460205e-01
1.256306469440460205e-01
1.256306469440460205e-01
1.256306469440460205e-01
1.256306469440460205e-01
1.256306469440460205e-01
1.256306469440460205e-01
1.256306469440460205e-01
1.256306469440460205e-01
1.256306469440460205e-01
1.256306469440460205e-01
1.256306469440460205e-01
1.256306469440460205e-01
1.256306469440460205e-01
1.256306469440460205e-01
1.256306469440460205e-01
1.256306469440460205e-01
1.256306469440460205e-01
1.256306469440460205e-01
1.256306469440460205e-01
1.256306469440460205e-01
1.256306469440460205e-01
1.256306469440460205e-01
1.256306469440460205e-01
1.256306469440460205e-01
1.256306469440460205e-01
1.256306469440460205e-01
1.256306469440460205e-01
1.256306469440460205e-01
1.256306469440460205e-01
1.256306469440460205e-01
1.256306469440460205e-01
1.256306469440460205e-01
1.256306469440460205e-01
1.256306469440460205e-01
1.256306469440460205e-01
1.256306469440460205e-01
1.256306469440460205e-01
1.256306469440460205e-01
1.256306469440460205e-01
1.256306469440460205e-01
1.256306469440460205e-01
1.256306469440460205e-01
1.256306469440460205e-01
1.256306469440460205e-01
1.256306469440460205e-01
1.256306469440460205e-01
1.256306469440460205e-01
1.256306469440460205e-01
1.256306469440460205e-01
1.256306469440460205e-01
1.256306469440460205e-01
1.256306469440460205e-01
1.256306469440460205e-01
1.256306469440460205e-01
1.256306469440460205e-01
1.256306469440460205e-01
1.256306469440460205e-01
1.256306469440460205e-01
1.256306469440460205e-01
1.256306469440460205e-01
1.256306469440460205e-01
1.256306469440460205e-01
1.256306469440460205e-01
1.256306469440460205e-01
1.256306469440460205e-01
1.256306469440460205e-01
1.256306469440460205e-01
1.256306469440460205e-01
1.256306469440460205e-01
1.256306469440460205e-01
1.256306469440460205e-01
1.256306469440460205e-01
1.256306469440460205e-01
1.256306469440460205e-01
1.256306469440460205e-01
1.256306469440460205e-01
1.256306469440460205e-01
1.256306469440460205e-01
1.256306469440460205e-01
1.256306469440460205e-01
1.256306469440460205e-01
1.256306469440460205e-01
1.256306469440460205e-01
1.256306469440460205e-01
1.256306469440460205e-01
1.256306469440460205e-01
1.256306469440460205e-01
1.256306469440460205e-01
1.256306469440460205e-01
1.256306469440460205e-01
1.256306469440460205e-01
1.256306469440460205e-01
1.256306469440460205e-01
1.256306469440460205e-01
1.256306469440460205e-01
1.256306469440460205e-01
1.256306469440460205e-01
1.256306469440460205e-01
1.256306469440460205e-01
1.256306469440460205e-01
1.256306469440460205e-01
1.256306469440460205e-01
1.256306469440460205e-01
1.256306469440460205e-01
1.256306469440460205e-01
1.256306469440460205e-01
1.256306469440460205e-01
1.256306469440460205e-01
1.256306469440460205e-01
1.256306469440460205e-01
1.256306469440460205e-01
1.256306469440460205e-01
1.256306469440460205e-01
1.256306469440460205e-01
1.256306469440460205e-01
1.256306469440460205e-01
1.256306469440460205e-01
1.256306469440460205e-01
1.256306469440460205e-01
1.256306469440460205e-01
1.256306469440460205e-01
1.256306469440460205e-01
1.256306469440460205e-01
1.256306469440460205e-01
1.256306469440460205e-01
1.256306469440460205e-01
1.256306469440460205e-01
1.256306469440460205e-01
1.256306469440460205e-01
1.256306469440460205e-01
1.256306469440460205e-01
1.256306469440460205e-01
1.256306469440460205e-01
1.256306469440460205e-01
1.256306469440460205e-01
1.256306469440460205e-01
1.256306469440460205e-01
1.256306469440460205e-01
1.256306469440460205e-01
1.256306469440460205e-01
1.256306469440460205e-01
1.256306469440460205e-01
1.256306469440460205e-01
1.256306469440460205e-01
1.256306469440460205e-01
1.256306469440460205e-01
1.256306469440460205e-01
1.256306469440460205e-01
1.256306469440460205e-01
1.256306469440460205e-01
1.256306469440460205e-01
1.256306469440460205e-01
1.256306469440460205e-01
1.256306469440460205e-01
1.256306469440460205e-01
1.256306469440460205e-01
1.256306469440460205e-01
1.256306469440460205e-01
1.256306469440460205e-01
1.256306469440460205e-01
1.256306469440460205e-01
1.256306469440460205e-01
1.256306469440460205e-01
1.256306469440460205e-01
1.256306469440460205e-01
1.256306469440460205e-01
1.256306469440460205e-01
1.256306469440460205e-01
1.256306469440460205e-01
1.256306469440460205e-01
1.256306469440460205e-01
1.256306469440460205e-01
1.256306469440460205e-01
1.256306469440460205e-01
1.256306469440460205e-01
1.256306469440460205e-01
1.256306469440460205e-01
1.256306469440460205e-01
1.256306469440460205e-01
1.256306469440460205e-01
1.256306469440460205e-01
1.256306469440460205e-01
1.256306469440460205e-01
1.256306469440460205e-01
1.256306469440460205e-01
1.256306469440460205e-01
1.256306469440460205e-01
1.256306469440460205e-01
1.256306469440460205e-01
1.256306469440460205e-01
1.256306469440460205e-01
1.256306469440460205e-01
1.256306469440460205e-01
1.256306469440460205e-01
1.256306469440460205e-01
1.256306469440460205e-01
1.256306469440460205e-01
1.256306469440460205e-01
1.256306469440460205e-01
1.256306469440460205e-01
1.256306469440460205e-01
1.256306469440460205e-01
1.256306469440460205e-01
1.256306469440460205e-01
1.256306469440460205e-01
1.256306469440460205e-01
1.256306469440460205e-01
1.256306469440460205e-01
1.256306469440460205e-01
1.256306469440460205e-01
1.256306469440460205e-01
1.256306469440460205e-01
1.256306469440460205e-01
1.256306469440460205e-01
1.256306469440460205e-01
1.256306469440460205e-01
1.256306469440460205e-01
1.256306469440460205e-01
1.256306469440460205e-01
1.256306469440460205e-01
1.256306469440460205e-01
1.256306469440460205e-01
1.256306469440460205e-01
1.256306469440460205e-01
1.256306469440460205e-01
1.256306469440460205e-01
1.256306469440460205e-01
1.256306469440460205e-01
1.256306469440460205e-01
1.256306469440460205e-01
1.256306469440460205e-01
1.256306469440460205e-01
1.256306469440460205e-01
1.256306469440460205e-01
1.256306469440460205e-01
1.256306469440460205e-01
1.256306469440460205e-01
1.256306469440460205e-01
1.256306469440460205e-01
1.256306469440460205e-01
1.256306469440460205e-01
1.256306469440460205e-01
1.256306469440460205e-01
1.256306469440460205e-01
1.256306469440460205e-01
1.256306469440460205e-01
1.256306469440460205e-01
1.256306469440460205e-01
1.256306469440460205e-01
1.256306469440460205e-01
1.256306469440460205e-01
1.256306469440460205e-01
1.256306469440460205e-01
1.256306469440460205e-01
1.256306469440460205e-01
1.256306469440460205e-01
1.256306469440460205e-01
1.256306469440460205e-01
1.256306469440460205e-01
1.256306469440460205e-01
1.256306469440460205e-01
1.256306469440460205e-01
1.256306469440460205e-01
1.256306469440460205e-01
1.256306469440460205e-01
1.256306469440460205e-01
1.256306469440460205e-01
1.256306469440460205e-01
1.256306469440460205e-01
1.256306469440460205e-01
1.256306469440460205e-01
1.256306469440460205e-01
1.256306469440460205e-01
1.256306469440460205e-01
