   0.0000000e+00  -2.9186696e-04
   6.9250020e-03   1.7532805e-04
   1.3850004e-02   4.0684682e-04
   2.0775006e-02   5.4034039e-04
   2.7700008e-02   6.3856048e-04
   3.4625010e-02   6.7701702e-04
   4.1550012e-02   7.1229050e-04
   4.8475014e-02   7.6224503e-04
   5.5400016e-02   8.0895154e-04
   6.2325018e-02   8.5487852e-04
   6.9250020e-02   8.3422113e-04
   7.6175022e-02   8.8592958e-04
   8.3100023e-02   8.7767962e-04
   9.0025025e-02   8.7189814e-04
   9.6950027e-02   8.9385475e-04
   1.0387503e-01   8.6442770e-04
   1.1080003e-01   9.2672470e-04
   1.1772503e-01   9.6180330e-04
   1.2465004e-01   9.4270495e-04
   1.3157504e-01   9.3464986e-04
   1.3850004e-01   9.4562817e-04
   1.4542504e-01   9.7219696e-04
   1.5235004e-01   1.0087047e-03
   1.5927504e-01   1.0068858e-03
   1.6620005e-01   1.0338444e-03
   1.7312505e-01   1.0422892e-03
   1.8005005e-01   1.1052358e-03
   1.8697505e-01   1.1491490e-03
   1.9390005e-01   1.1640899e-03
   2.0082506e-01   1.1777316e-03
   2.0775006e-01   1.2260621e-03
   2.1467506e-01   1.2602313e-03
   2.2160006e-01   1.2960894e-03
   2.2852506e-01   1.4071716e-03
   2.3545007e-01   1.4581006e-03
   2.4237507e-01   1.5354684e-03
   2.4930007e-01   1.6054307e-03
   2.5622507e-01   1.7027413e-03
   2.6315007e-01   1.8446797e-03
   2.7007508e-01   2.0119527e-03
   2.7700008e-01   2.1449916e-03
   2.8392508e-01   2.2552943e-03
   2.9085008e-01   2.3743017e-03
   2.9777508e-01   2.5535923e-03
   3.0470009e-01   2.7382747e-03
   3.1162509e-01   2.9748603e-03
   3.1855009e-01   3.1525270e-03
   3.2547509e-01   3.3721580e-03
   3.3240009e-01   3.6941666e-03
   3.3932510e-01   3.9700533e-03
   3.4625010e-01   4.2548395e-03
   3.5317510e-01   4.4443939e-03
   3.6010010e-01   4.7066390e-03
   3.6702510e-01   5.0444979e-03
   3.7395011e-01   5.3752761e-03
   3.8087511e-01   5.7969988e-03
   3.8780011e-01   6.1321294e-03
   3.9472511e-01   6.4661556e-03
   4.0165011e-01   6.8611797e-03
   4.0857512e-01   7.2374302e-03
   4.1550012e-01   7.6967000e-03
   4.2242512e-01   8.0320255e-03
   4.2935012e-01   8.4165259e-03
   4.3627512e-01   8.8951540e-03
   4.4320013e-01   9.4252306e-03
   4.5012513e-01   9.9378979e-03
   4.5705013e-01   1.0341042e-02
   4.6397513e-01   1.0777381e-02
   4.7090013e-01   1.1262180e-02
   4.7782513e-01   1.1780824e-02
   4.8475014e-01   1.2351695e-02
   4.9167514e-01   1.2778225e-02
   4.9860014e-01   1.3258997e-02
   5.0552514e-01   1.3766208e-02
   5.1245014e-01   1.4326491e-02
   5.1937515e-01   1.4928609e-02
   5.2630015e-01   1.5464142e-02
   5.3322515e-01   1.5987787e-02
   5.4015015e-01   1.6549110e-02
   5.4707515e-01   1.7230025e-02
   5.5400016e-01   1.8026179e-02
   5.6092516e-01   1.8621086e-02
   5.6785016e-01   1.9222814e-02
   5.7477516e-01   1.9907431e-02
   5.8170016e-01   2.0717487e-02
   5.8862517e-01   2.1578602e-02
   5.9555017e-01   2.2358321e-02
   6.0247517e-01   2.3047811e-02
   6.0940017e-01   2.3941860e-02
   6.1632517e-01   2.4940626e-02
   6.2325018e-01   2.6030077e-02
   6.3017518e-01   2.7085488e-02
   6.3710018e-01   2.7955762e-02
   6.4402518e-01   2.8991685e-02
   6.5095018e-01   3.0147005e-02
   6.5787519e-01   3.1482461e-02
   6.6480019e-01   3.2852930e-02
   6.7172519e-01   3.3992075e-02
   6.7865019e-01   3.5575484e-02
   6.8557519e-01   3.7040210e-02
   6.9250020e-01   3.8918670e-02
   6.9942520e-01   4.0801416e-02
   7.0635020e-01   4.2169741e-02
   7.1327520e-01   4.4383461e-02
   7.2020020e-01   4.6129141e-02
   7.2712521e-01   4.8664675e-02
   7.3405021e-01   5.1596986e-02
   7.4097521e-01   5.3804794e-02
   7.4790021e-01   5.7120566e-02
   7.5482521e-01   5.9945563e-02
   7.6175022e-01   6.3858971e-02
   7.6867522e-01   6.8688060e-02
   7.7560022e-01   7.2852540e-02
   7.8252522e-01   7.8216838e-02
   7.8945022e-01   8.3009094e-02
   7.9637522e-01   8.9491360e-02
   8.0330023e-01   9.7856503e-02
   8.1022523e-01   1.0516877e-01
   8.1715023e-01   1.1419319e-01
   8.2407523e-01   1.2238703e-01
   8.3100023e-01   1.3269469e-01
   8.3792524e-01   1.4547005e-01
   8.4485024e-01   1.5688827e-01
   8.5177524e-01   1.6971736e-01
   8.5870024e-01   1.8213778e-01
   8.6562524e-01   1.9618436e-01
   8.7255025e-01   2.1388846e-01
   8.7947525e-01   2.3094069e-01
   8.8640025e-01   2.4853112e-01
   8.9332525e-01   2.6407159e-01
   9.0025025e-01   2.8185988e-01
   9.0717526e-01   3.0197655e-01
   9.1410026e-01   3.2207126e-01
   9.2102526e-01   3.4189048e-01
   9.2795026e-01   3.6021411e-01
   9.3487526e-01   3.7855684e-01
   9.4180027e-01   3.9878479e-01
   9.4872527e-01   4.1771339e-01
   9.5565027e-01   4.3300234e-01
   9.6257527e-01   4.4929849e-01
   9.6950027e-01   4.6217682e-01
   9.7642528e-01   4.7634163e-01
   9.8335028e-01   4.8834124e-01
   9.9027528e-01   4.9344933e-01
   9.9720028e-01   5.0152592e-01
   1.0041253e+00   5.0277647e-01
   1.0110503e+00   5.0647752e-01
   1.0179753e+00   5.0824126e-01
   1.0249003e+00   4.9892861e-01
   1.0318253e+00   4.9323542e-01
   1.0387503e+00   4.7994329e-01
   1.0456753e+00   4.6971229e-01
   1.0526003e+00   4.5516357e-01
   1.0595253e+00   4.2800981e-01
   1.0664503e+00   4.0506632e-01
   1.0733753e+00   3.7497557e-01
   1.0803003e+00   3.4870216e-01
   1.0872253e+00   3.1865662e-01
   1.0941503e+00   2.8016390e-01
   1.1010753e+00   2.4339314e-01
   1.1080003e+00   2.0143543e-01
   1.1149253e+00   1.6497207e-01
   1.1218503e+00   1.2389691e-01
   1.1287753e+00   7.5497532e-02
   1.1357003e+00   2.8799013e-02
   1.1426253e+00  -1.9059569e-02
   1.1495503e+00  -5.9211771e-02
   1.1564753e+00  -1.0584267e-01
   1.1634003e+00  -1.5664083e-01
   1.1703253e+00  -2.0379148e-01
   1.1772503e+00  -2.4982760e-01
   1.1841753e+00  -2.8855613e-01
   1.1911003e+00  -3.3455229e-01
   1.1980253e+00  -3.8303008e-01
   1.2049503e+00  -4.3071677e-01
   1.2118753e+00  -4.7229499e-01
   1.2188003e+00  -5.0785787e-01
   1.2257253e+00  -5.4852605e-01
   1.2326503e+00  -5.9032064e-01
   1.2395753e+00  -6.3150117e-01
   1.2465004e+00  -6.6830187e-01
   1.2534254e+00  -6.9973652e-01
   1.2603504e+00  -7.3065396e-01
   1.2672754e+00  -7.5134221e-01
   1.2742004e+00  -7.8376628e-01
   1.2811254e+00  -8.1392650e-01
   1.2880504e+00  -8.4182289e-01
   1.2949754e+00  -8.6745543e-01
   1.3019004e+00  -8.9082414e-01
   1.3088254e+00  -9.1192900e-01
   1.3157504e+00  -9.3077003e-01
   1.3226754e+00  -9.4734722e-01
   1.3296004e+00  -9.6166056e-01
   1.3365254e+00  -9.7371007e-01
   1.3434504e+00  -9.8349573e-01
   1.3503754e+00  -9.9101756e-01
   1.3573004e+00  -9.9627555e-01
   1.3642254e+00  -9.9926969e-01
   1.3711504e+00  -1.0000000e+00
   1.3780754e+00  -9.9846647e-01
   1.3850004e+00  -9.9466909e-01
   1.3919254e+00  -9.8860788e-01
   1.3988504e+00  -9.8028283e-01
   1.4057754e+00  -9.6969394e-01
   1.4127004e+00  -9.5684120e-01
   1.4196254e+00  -9.4172463e-01
   1.4265504e+00  -9.2434422e-01
   1.4334754e+00  -9.0469997e-01
   1.4404004e+00  -8.8279187e-01
   1.4473254e+00  -8.5861994e-01
   1.4542504e+00  -8.3218417e-01
   1.4611754e+00  -8.0348456e-01
   1.4681004e+00  -7.7252111e-01
   1.4750254e+00  -7.3929382e-01
   1.4819504e+00  -7.1424061e-01
   1.4888754e+00  -6.8151611e-01
   1.4958004e+00  -6.4489983e-01
   1.5027254e+00  -6.1392504e-01
   1.5096504e+00  -5.8144647e-01
   1.5165754e+00  -5.4361686e-01
   1.5235004e+00  -4.9896323e-01
   1.5304254e+00  -4.5461563e-01
   1.5373504e+00  -4.1277504e-01
   1.5442754e+00  -3.7376900e-01
   1.5512004e+00  -3.2914330e-01
   1.5581254e+00  -2.8045680e-01
   1.5650504e+00  -2.2866701e-01
   1.5719754e+00  -1.8186118e-01
   1.5789004e+00  -1.3628427e-01
   1.5858254e+00  -8.9187606e-02
   1.5927504e+00  -4.0240223e-02
   1.5996755e+00   1.1815123e-02
   1.6066005e+00   6.2355918e-02
   1.6135255e+00   1.0872346e-01
   1.6204505e+00   1.5620612e-01
   1.6273755e+00   2.0204391e-01
   1.6343005e+00   2.4997233e-01
   1.6412255e+00   2.9696830e-01
   1.6481505e+00   3.4049922e-01
   1.6550755e+00   3.8130369e-01
   1.6620005e+00   4.2099942e-01
   1.6689255e+00   4.6091893e-01
   1.6758505e+00   5.0207574e-01
   1.6827755e+00   5.3782714e-01
   1.6897005e+00   5.7078134e-01
   1.6966255e+00   6.0252371e-01
   1.7035505e+00   6.3468468e-01
   1.7104755e+00   6.6729128e-01
   1.7174005e+00   6.9447116e-01
   1.7243255e+00   7.2368220e-01
   1.7312505e+00   7.5074410e-01
   1.7381755e+00   7.7565686e-01
   1.7451005e+00   7.9842048e-01
   1.7520255e+00   8.1903495e-01
   1.7589505e+00   8.3750027e-01
   1.7658755e+00   8.5381646e-01
   1.7728005e+00   8.6798350e-01
   1.7797255e+00   8.8000139e-01
   1.7866505e+00   8.8987014e-01
   1.7935755e+00   8.9758975e-01
   1.8005005e+00   9.0316021e-01
   1.8074255e+00   9.0658153e-01
   1.8143505e+00   9.0785371e-01
   1.8212755e+00   9.0697674e-01
   1.8282005e+00   9.0395063e-01
   1.8351255e+00   8.9877538e-01
   1.8420505e+00   8.9145098e-01
   1.8489755e+00   8.8197744e-01
   1.8559005e+00   8.7035475e-01
   1.8628255e+00   8.5658292e-01
   1.8697505e+00   8.4066195e-01
   1.8766755e+00   8.2259183e-01
   1.8836005e+00   8.0237257e-01
   1.8905255e+00   7.8000417e-01
   1.8974505e+00   7.5548662e-01
   1.9043755e+00   7.2881993e-01
   1.9113005e+00   7.0000409e-01
   1.9182255e+00   6.7080856e-01
   1.9251505e+00   6.3596720e-01
   1.9320755e+00   6.0307107e-01
   1.9390005e+00   5.7025796e-01
   1.9459255e+00   5.3623743e-01
   1.9528506e+00   5.0014863e-01
   1.9597756e+00   4.6052358e-01
   1.9667006e+00   4.2425244e-01
   1.9736256e+00   3.8891133e-01
   1.9805506e+00   3.5168702e-01
   1.9874756e+00   3.1316571e-01
   1.9944006e+00   2.7278303e-01
   2.0013256e+00   2.3463473e-01
   2.0082506e+00   1.9840691e-01
   2.0151756e+00   1.6483442e-01
   2.0221006e+00   1.3004879e-01
   2.0290256e+00   9.3911134e-02
   2.0359506e+00   6.0229115e-02
   2.0428756e+00   2.8802196e-02
   2.0498006e+00   3.1583734e-04
   2.0567256e+00  -2.8424841e-02
   2.0636506e+00  -5.6188710e-02
   2.0705756e+00  -8.3113226e-02
   2.0775006e+00  -1.0888158e-01
   2.0844256e+00  -1.3026374e-01
   2.0913506e+00  -1.5147057e-01
   2.0982756e+00  -1.7185228e-01
   2.1052006e+00  -1.9011849e-01
   2.1121256e+00  -2.0730778e-01
   2.1190506e+00  -2.2206691e-01
   2.1259756e+00  -2.3502397e-01
   2.1329006e+00  -2.4642237e-01
   2.1398256e+00  -2.5683071e-01
   2.1467506e+00  -2.6654294e-01
   2.1536756e+00  -2.7491789e-01
   2.1606006e+00  -2.8075348e-01
   2.1675256e+00  -2.8552436e-01
   2.1744506e+00  -2.8926614e-01
   2.1813756e+00  -2.9178790e-01
   2.1883006e+00  -2.9438106e-01
   2.1952256e+00  -2.9524094e-01
   2.2021506e+00  -2.9481298e-01
   2.2090756e+00  -2.9333468e-01
   2.2160006e+00  -2.9112843e-01
   2.2229256e+00  -2.8904742e-01
   2.2298506e+00  -2.8630330e-01
   2.2367756e+00  -2.8318189e-01
   2.2437006e+00  -2.7900715e-01
   2.2506256e+00  -2.7450870e-01
   2.2575506e+00  -2.6982747e-01
   2.2644756e+00  -2.6552462e-01
   2.2714006e+00  -2.6112154e-01
   2.2783256e+00  -2.5580512e-01
   2.2852506e+00  -2.5049779e-01
   2.2921756e+00  -2.4518618e-01
   2.2991006e+00  -2.4033292e-01
   2.3060257e+00  -2.3593153e-01
   2.3129507e+00  -2.3062102e-01
   2.3198757e+00  -2.2529395e-01
   2.3268007e+00  -2.2034923e-01
   2.3337257e+00  -2.1590074e-01
   2.3406507e+00  -2.1187203e-01
   2.3475757e+00  -2.0714460e-01
   2.3545007e+00  -2.0262226e-01
   2.3614257e+00  -1.9834864e-01
   2.3683507e+00  -1.9424022e-01
   2.3752757e+00  -1.9060290e-01
   2.3822007e+00  -1.8657035e-01
   2.3891257e+00  -1.8254937e-01
   2.3960507e+00  -1.7808809e-01
   2.4029757e+00  -1.7400741e-01
   2.4099007e+00  -1.7022275e-01
   2.4168257e+00  -1.6605652e-01
   2.4237507e+00  -1.6186040e-01
   2.4306757e+00  -1.5717760e-01
   2.4376007e+00  -1.5276946e-01
   2.4445257e+00  -1.4846797e-01
   2.4514507e+00  -1.4370099e-01
   2.4583757e+00  -1.3871106e-01
   2.4653007e+00  -1.3290133e-01
   2.4722257e+00  -1.2745186e-01
   2.4791507e+00  -1.2187541e-01
   2.4860757e+00  -1.1625724e-01
   2.4930007e+00  -1.1024146e-01
   2.4999257e+00  -1.0344180e-01
   2.5068507e+00  -9.6537677e-02
   2.5137757e+00  -8.9621606e-02
   2.5207007e+00  -8.3216773e-02
   2.5276257e+00  -7.6446797e-02
   2.5345507e+00  -6.8547356e-02
   2.5414757e+00  -6.0435040e-02
   2.5484007e+00  -5.2560543e-02
   2.5553257e+00  -4.5407821e-02
   2.5622507e+00  -3.7929648e-02
   2.5691757e+00  -2.9478173e-02
   2.5761007e+00  -2.0543718e-02
   2.5830257e+00  -1.2106665e-02
   2.5899507e+00  -4.6748084e-03
   2.5968757e+00   2.6553203e-03
   2.6038007e+00   1.0808367e-02
   2.6107257e+00   1.9233013e-02
   2.6176507e+00   2.7336625e-02
   2.6245757e+00   3.3782967e-02
   2.6315007e+00   4.0257893e-02
   2.6384257e+00   4.6967390e-02
   2.6453507e+00   5.3930947e-02
   2.6522757e+00   6.0556645e-02
   2.6592008e+00   6.5876186e-02
   2.6661258e+00   7.0718202e-02
   2.6730508e+00   7.5665454e-02
   2.6799758e+00   8.0277446e-02
   2.6869008e+00   8.5093283e-02
   2.6938258e+00   8.8300637e-02
   2.7007508e+00   9.1297713e-02
   2.7076758e+00   9.3966351e-02
   2.7146008e+00   9.6297713e-02
   2.7215258e+00   9.8710407e-02
   2.7284508e+00   9.9810900e-02
   2.7353758e+00   1.0068449e-01
   2.7423008e+00   1.0081837e-01
   2.7492258e+00   1.0080064e-01
   2.7561508e+00   1.0086943e-01
   2.7630758e+00   1.0008243e-01
   2.7700008e+00   9.9057620e-02
   2.7769258e+00   9.7570027e-02
   2.7838508e+00   9.5803235e-02
   2.7907758e+00   9.4140964e-02
   2.7977008e+00   9.1770885e-02
   2.8046258e+00   8.9452579e-02
   2.8115508e+00   8.6752826e-02
   2.8184758e+00   8.3898922e-02
   2.8254008e+00   8.0794335e-02
   2.8323258e+00   7.7645966e-02
   2.8392508e+00   7.4430622e-02
   2.8461758e+00   7.1169547e-02
   2.8531008e+00   6.7554632e-02
   2.8600258e+00   6.3806938e-02
   2.8669508e+00   6.0281668e-02
   2.8738758e+00   5.6702741e-02
   2.8808008e+00   5.3172405e-02
   2.8877258e+00   4.9649734e-02
   2.8946508e+00   4.5755099e-02
   2.9015758e+00   4.2152852e-02
   2.9085008e+00   3.8350266e-02
   2.9154258e+00   3.5103222e-02
   2.9223508e+00   3.1824152e-02
   2.9292758e+00   2.8425101e-02
   2.9362008e+00   2.5103937e-02
   2.9431258e+00   2.1976225e-02
   2.9500508e+00   1.9158308e-02
   2.9569758e+00   1.6515785e-02
   2.9639008e+00   1.3715019e-02
   2.9708258e+00   1.1143238e-02
   2.9777508e+00   8.7077433e-03
   2.9846758e+00   6.6012732e-03
   2.9916008e+00   4.7244381e-03
   2.9985258e+00   2.7657529e-03
   3.0054508e+00   9.5550214e-04
   3.0123759e+00  -6.7883591e-04
   3.0193009e+00  -2.1178381e-03
   3.0262259e+00  -3.2532155e-03
   3.0331509e+00  -4.5109783e-03
   3.0400759e+00  -5.6561647e-03
   3.0470009e+00  -6.6483045e-03
   3.0539259e+00  -7.5198779e-03
   3.0608509e+00  -8.0494348e-03
   3.0677759e+00  -8.6974146e-03
   3.0747009e+00  -9.3454593e-03
   3.0816259e+00  -9.9744056e-03
   3.0885509e+00  -1.0582824e-02
   3.0954759e+00  -1.0910809e-02
   3.1024009e+00  -1.1315318e-02
   3.1093259e+00  -1.1859036e-02
   3.1162509e+00  -1.2366506e-02
   3.1231759e+00  -1.2844355e-02
   3.1301009e+00  -1.3298493e-02
   3.1370259e+00  -1.3714109e-02
   3.1439509e+00  -1.4191048e-02
   3.1508759e+00  -1.4714304e-02
   3.1578009e+00  -1.5293491e-02
   3.1647259e+00  -1.5764973e-02
   3.1716509e+00  -1.6224243e-02
   3.1785759e+00  -1.6649279e-02
   3.1855009e+00  -1.7115240e-02
   3.1924259e+00  -1.7578017e-02
   3.1993509e+00  -1.7931077e-02
   3.2062759e+00  -1.8270755e-02
   3.2132009e+00  -1.8514031e-02
   3.2201259e+00  -1.8787904e-02
   3.2270509e+00  -1.9033260e-02
   3.2339759e+00  -1.9107055e-02
   3.2409009e+00  -1.9182214e-02
   3.2478259e+00  -1.9205989e-02
   3.2547509e+00  -1.9194556e-02
   3.2616759e+00  -1.9072756e-02
   3.2686009e+00  -1.8930298e-02
   3.2755259e+00  -1.8826296e-02
   3.2824509e+00  -1.8492789e-02
   3.2893759e+00  -1.8186111e-02
   3.2963009e+00  -1.7795570e-02
   3.3032259e+00  -1.7291152e-02
   3.3101509e+00  -1.6968754e-02
   3.3170759e+00  -1.6429323e-02
   3.3240009e+00  -1.5856503e-02
   3.3309259e+00  -1.5195661e-02
   3.3378509e+00  -1.4433091e-02
   3.3447759e+00  -1.3825516e-02
   3.3517009e+00  -1.2998246e-02
   3.3586259e+00  -1.2186631e-02
   3.3655510e+00  -1.1275627e-02
   3.3724760e+00  -1.0294206e-02
   3.3794010e+00  -9.3583864e-03
   3.3863260e+00  -8.4251656e-03
   3.3932510e+00  -7.3283097e-03
   3.4001760e+00  -6.2269066e-03
   3.4071010e+00  -5.0452124e-03
   3.4140260e+00  -3.8948941e-03
   3.4209510e+00  -2.7733533e-03
   3.4278760e+00  -1.5933481e-03
   3.4348010e+00  -4.1041964e-04
   3.4417260e+00   7.3905418e-04
   3.4486510e+00   2.0080551e-03
   3.4555760e+00   3.0462518e-03
   3.4625010e+00   4.1264129e-03
   3.4694260e+00   5.1269326e-03
   3.4763510e+00   6.0915941e-03
   3.4832760e+00   7.1871508e-03
   3.4902010e+00   8.0148759e-03
   3.4971260e+00   8.8233727e-03
   3.5040510e+00   9.5609328e-03
   3.5109760e+00   1.0175913e-02
   3.5179010e+00   1.0932116e-02
   3.5248260e+00   1.1388918e-02
   3.5317510e+00   1.1772899e-02
   3.5386760e+00   1.2127257e-02
   3.5456010e+00   1.2266402e-02
   3.5525260e+00   1.2527543e-02
   3.5594510e+00   1.2529752e-02
   3.5663760e+00   1.2488502e-02
   3.5733010e+00   1.2380863e-02
   3.5802260e+00   1.2053982e-02
   3.5871510e+00   1.1783552e-02
   3.5940760e+00   1.1483370e-02
   3.6010010e+00   1.1024620e-02
   3.6079260e+00   1.0492465e-02
   3.6148510e+00   9.8626738e-03
   3.6217760e+00   9.3321424e-03
   3.6287010e+00   8.7124204e-03
   3.6356260e+00   7.9860335e-03
   3.6425510e+00   7.3056386e-03
   3.6494760e+00   6.5766532e-03
   3.6564010e+00   5.7849162e-03
   3.6633260e+00   4.9975315e-03
   3.6702510e+00   4.1929323e-03
   3.6771760e+00   3.5440431e-03
   3.6841010e+00   2.7730285e-03
   3.6910260e+00   2.0622970e-03
   3.6979510e+00   1.2977134e-03
   3.7048760e+00   5.7723788e-04
   3.7118010e+00  -5.9893465e-05
   3.7187260e+00  -7.2099519e-04
   3.7256511e+00  -1.3349357e-03
   3.7325761e+00  -1.9872028e-03
   3.7395011e+00  -2.6249838e-03
   3.7464261e+00  -3.1467455e-03
   3.7533511e+00  -3.6197220e-03
   3.7602761e+00  -4.1313499e-03
   3.7672011e+00  -4.6808497e-03
   3.7741261e+00  -5.1479148e-03
   3.7810511e+00  -5.5481356e-03
   3.7879761e+00  -5.8600104e-03
   3.7949011e+00  -6.2605561e-03
   3.8018261e+00  -6.6207613e-03
   3.8087511e+00  -6.9314668e-03
   3.8156761e+00  -7.2210602e-03
   3.8226011e+00  -7.4061323e-03
   3.8295261e+00  -7.6223853e-03
   3.8364511e+00  -7.8522801e-03
   3.8433761e+00  -7.9527738e-03
   3.8503011e+00  -8.0416396e-03
   3.8572261e+00  -8.0350786e-03
   3.8641511e+00  -8.0918540e-03
   3.8710761e+00  -8.0577498e-03
   3.8780011e+00  -8.0416396e-03
   3.8849261e+00  -7.9673899e-03
   3.8918511e+00  -7.8078472e-03
   3.8987761e+00  -7.6757828e-03
   3.9057011e+00  -7.5255944e-03
   3.9126261e+00  -7.3292841e-03
   3.9195511e+00  -7.0851631e-03
   3.9264761e+00  -6.8147330e-03
   3.9334011e+00  -6.6133559e-03
   3.9403261e+00  -6.3175913e-03
   3.9472511e+00  -6.0409900e-03
   3.9541761e+00  -5.7647135e-03
   3.9611011e+00  -5.4794076e-03
   3.9680261e+00  -5.2211901e-03
   3.9749511e+00  -5.0026634e-03
   3.9818761e+00  -4.7077433e-03
   3.9888011e+00  -4.4278290e-03
   3.9957261e+00  -4.2240483e-03
   4.0026511e+00  -4.0289723e-03
   4.0095761e+00  -3.7759517e-03
   4.0165011e+00  -3.6176432e-03
   4.0234261e+00  -3.4577758e-03
   4.0303511e+00  -3.3440951e-03
   4.0372761e+00  -3.2030012e-03
   4.0442011e+00  -3.1067949e-03
   4.0511261e+00  -3.0163700e-03
   4.0580511e+00  -2.9095752e-03
   4.0649761e+00  -2.8611147e-03
   4.0719011e+00  -2.8318826e-03
   4.0788262e+00  -2.8196050e-03
   4.0857512e+00  -2.7737430e-03
   4.0926762e+00  -2.6601273e-03
   4.0996012e+00  -2.6688320e-03
   4.1065262e+00  -2.6534364e-03
   4.1134512e+00  -2.5804859e-03
   4.1203762e+00  -2.4631025e-03
   4.1273012e+00  -2.2985579e-03
   4.1342262e+00  -2.1430427e-03
   4.1411512e+00  -2.0025984e-03
   4.1480762e+00  -1.8514356e-03
   4.1550012e+00  -1.6605171e-03
   4.1619262e+00  -1.3620891e-03
   4.1688512e+00  -9.8629336e-04
   4.1757762e+00  -7.4119787e-04
   4.1827012e+00  -4.2198259e-04
   4.1896262e+00  -4.5407302e-05
   4.1965512e+00   4.1392750e-04
   4.2034762e+00   9.3698844e-04
   4.2104012e+00   1.4697285e-03
   4.2173262e+00   1.9023646e-03
   4.2242512e+00   2.4219826e-03
   4.2311762e+00   3.0083799e-03
   4.2381012e+00   3.6779914e-03
   4.2450262e+00   4.3362349e-03
   4.2519512e+00   4.9144472e-03
   4.2588762e+00   5.5847083e-03
   4.2658012e+00   6.2551643e-03
   4.2727262e+00   7.0000000e-03
   4.2796512e+00   7.8358451e-03
   4.2865762e+00   8.4868130e-03
   4.2935012e+00   9.1660387e-03
   4.3004262e+00   9.9136027e-03
   4.3073512e+00   1.0631805e-02
   4.3142762e+00   1.1414057e-02
   4.3212012e+00   1.2077823e-02
   4.3281262e+00   1.2634078e-02
   4.3350512e+00   1.3214499e-02
   4.3419762e+00   1.3791477e-02
   4.3489012e+00   1.4463427e-02
   4.3558262e+00   1.5015461e-02
   4.3627512e+00   1.5542679e-02
   4.3696762e+00   1.5995778e-02
   4.3766012e+00   1.6422177e-02
   4.3835262e+00   1.6818566e-02
   4.3904512e+00   1.7182279e-02
   4.3973762e+00   1.7510524e-02
   4.4043012e+00   1.7759387e-02
   4.4112262e+00   1.7965636e-02
   4.4181512e+00   1.8179940e-02
   4.4250762e+00   1.8312329e-02
   4.4320013e+00   1.8296414e-02
   4.4389263e+00   1.8351695e-02
   4.4458513e+00   1.8237625e-02
   4.4527763e+00   1.8175198e-02
   4.4597013e+00   1.7916851e-02
   4.4666263e+00   1.7592309e-02
   4.4735513e+00   1.7370599e-02
   4.4804763e+00   1.7045018e-02
   4.4874013e+00   1.6624984e-02
   4.4943263e+00   1.6066065e-02
   4.5012513e+00   1.5512083e-02
   4.5081763e+00   1.5041899e-02
   4.5151013e+00   1.4399117e-02
   4.5220263e+00   1.3729895e-02
   4.5289513e+00   1.2929908e-02
   4.5358763e+00   1.2203391e-02
   4.5428013e+00   1.1521437e-02
   4.5497263e+00   1.0743277e-02
   4.5566513e+00   1.0007600e-02
   4.5635763e+00   8.9948032e-03
   4.5705013e+00   8.1064051e-03
   4.5774263e+00   7.3181759e-03
   4.5843513e+00   6.5574899e-03
   4.5912763e+00   5.7968039e-03
   4.5982013e+00   4.8352605e-03
   4.6051263e+00   4.0408601e-03
   4.6120513e+00   3.3129791e-03
   4.6189763e+00   2.6584384e-03
   4.6259013e+00   1.9396518e-03
   4.6328263e+00   1.1410939e-03
   4.6397513e+00   5.3040146e-04
   4.6466763e+00  -2.1177082e-05
   4.6536013e+00  -5.2585423e-04
   4.6605263e+00  -1.0394309e-03
   4.6674513e+00  -1.6086137e-03
   4.6743763e+00  -2.0628816e-03
   4.6813013e+00  -2.5537222e-03
   4.6882263e+00  -2.8589710e-03
   4.6951513e+00  -3.1690919e-03
   4.7020763e+00  -3.4488112e-03
   4.7090013e+00  -3.6756529e-03
   4.7159263e+00  -3.9555671e-03
   4.7228513e+00  -4.1098480e-03
   4.7297763e+00  -4.1370664e-03
   4.7367013e+00  -4.2270365e-03
   4.7436263e+00  -4.2903079e-03
   4.7505513e+00  -4.2992724e-03
   4.7574763e+00  -4.2450955e-03
   4.7644013e+00  -4.2979732e-03
   4.7713263e+00  -4.3014811e-03
   4.7782513e+00  -4.2293751e-03
   4.7851764e+00  -4.1661037e-03
   4.7921014e+00  -4.0586592e-03
   4.7990264e+00  -3.9662206e-03
   4.8059514e+00  -3.8865142e-03
   4.8128764e+00  -3.8440301e-03
   4.8198014e+00  -3.7356113e-03
   4.8267264e+00  -3.6412888e-03
   4.8336514e+00  -3.5413148e-03
   4.8405764e+00  -3.4697934e-03
   4.8475014e+00  -3.3987268e-03
   4.8544264e+00  -3.3756658e-03
   4.8613514e+00  -3.3810576e-03
   4.8682764e+00  -3.3110952e-03
   4.8752014e+00  -3.2782253e-03
   4.8821264e+00  -3.3179161e-03
   4.8890514e+00  -3.3953488e-03
   4.8959764e+00  -3.4087956e-03
   4.9029014e+00  -3.4962973e-03
   4.9098264e+00  -3.5377420e-03
   4.9167514e+00  -3.6052358e-03
   4.9236764e+00  -3.7845264e-03
   4.9306014e+00  -3.9030791e-03
   4.9375264e+00  -4.1210212e-03
   4.9444514e+00  -4.2263219e-03
   4.9513764e+00  -4.4392621e-03
   4.9583014e+00  -4.6892296e-03
   4.9652264e+00  -4.9916201e-03
   4.9721514e+00  -5.3027803e-03
   4.9790764e+00  -5.5046771e-03
   4.9860014e+00  -5.7964791e-03
   4.9929264e+00  -6.1291412e-03
   4.9998514e+00  -6.4892815e-03
   5.0067764e+00  -6.8849552e-03
   5.0137014e+00  -7.1977394e-03
   5.0206264e+00  -7.5478758e-03
   5.0275514e+00  -7.9440691e-03
   5.0344764e+00  -8.3299987e-03
   5.0414014e+00  -8.7265168e-03
   5.0483264e+00  -9.0172795e-03
   5.0552514e+00  -9.4076913e-03
   5.0621764e+00  -9.6889048e-03
   5.0691014e+00  -9.9856438e-03
   5.0760264e+00  -1.0281603e-02
   5.0829514e+00  -1.0529362e-02
   5.0898764e+00  -1.0723269e-02
   5.0968014e+00  -1.0897298e-02
   5.1037264e+00  -1.1050864e-02
   5.1106514e+00  -1.1139145e-02
   5.1175764e+00  -1.1202546e-02
   5.1245014e+00  -1.1203651e-02
   5.1314264e+00  -1.1134338e-02
   5.1383515e+00  -1.0975185e-02
   5.1452765e+00  -1.0793621e-02
   5.1522015e+00  -1.0581330e-02
   5.1591265e+00  -1.0294270e-02
   5.1660515e+00  -9.9443939e-03
   5.1729765e+00  -9.4693387e-03
   5.1799015e+00  -9.0359880e-03
   5.1868265e+00  -8.4401715e-03
   5.1937515e+00  -7.8973626e-03
   5.2006765e+00  -7.3350656e-03
   5.2076015e+00  -6.6112122e-03
   5.2145265e+00  -5.9401715e-03
   5.2214515e+00  -5.1359621e-03
   5.2283765e+00  -4.4336105e-03
   5.2353015e+00  -3.7402235e-03
   5.2422265e+00  -2.9918150e-03
   5.2491515e+00  -2.1180330e-03
   5.2560765e+00  -1.1616214e-03
   5.2630015e+00  -3.6410290e-04
   5.2699265e+00   4.1464207e-04
   5.2768515e+00   1.2834221e-03
   5.2837765e+00   2.0423542e-03
   5.2907015e+00   2.9788229e-03
   5.2976265e+00   3.7247629e-03
   5.3045515e+00   4.3685852e-03
   5.3114765e+00   5.1162791e-03
   5.3184015e+00   5.7939457e-03
   5.3253265e+00   6.5398857e-03
   5.3322515e+00   7.1904638e-03
   5.3391765e+00   7.7145641e-03
   5.3461015e+00   8.2484734e-03
   5.3530265e+00   8.6873457e-03
   5.3599515e+00   9.2154086e-03
   5.3668765e+00   9.7260621e-03
   5.3738015e+00   1.0016110e-02
   5.3807265e+00   1.0374756e-02
   5.3876515e+00   1.0628751e-02
   5.3945765e+00   1.0970313e-02
   5.4015015e+00   1.1213979e-02
   5.4084265e+00   1.1327140e-02
   5.4153515e+00   1.1470053e-02
   5.4222765e+00   1.1565025e-02
   5.4292015e+00   1.1675523e-02
   5.4361265e+00   1.1682539e-02
   5.4430515e+00   1.1655125e-02
   5.4499765e+00   1.1598415e-02
   5.4569015e+00   1.1500650e-02
   5.4638265e+00   1.1439197e-02
   5.4707515e+00   1.1284007e-02
   5.4776765e+00   1.1078082e-02
   5.4846015e+00   1.0936729e-02
   5.4915266e+00   1.0755229e-02
   5.4984516e+00   1.0553397e-02
   5.5053766e+00   1.0349162e-02
   5.5123016e+00   1.0063077e-02
   5.5192266e+00   9.8572821e-03
   5.5261516e+00   9.6152397e-03
   5.5330766e+00   9.3937248e-03
   5.5400016e+00   9.1524620e-03
   5.5469266e+00   8.9902559e-03
   5.5538516e+00   8.8583214e-03
   5.5607766e+00   8.6598025e-03
   5.5677016e+00   8.5680785e-03
   5.5746266e+00   8.3886579e-03
   5.5815516e+00   8.2080031e-03
   5.5884766e+00   8.1649994e-03
   5.5954016e+00   8.1069897e-03
   5.6023266e+00   8.0701572e-03
   5.6092516e+00   7.9700533e-03
   5.6161766e+00   7.9514096e-03
   5.6231016e+00   7.8682604e-03
   5.6300266e+00   7.7919969e-03
   5.6369516e+00   7.8071326e-03
   5.6438766e+00   7.8413668e-03
   5.6508016e+00   7.8605301e-03
   5.6577266e+00   7.9376380e-03
   5.6646516e+00   7.9282837e-03
   5.6715766e+00   7.9700533e-03
   5.6785016e+00   7.9662856e-03
   5.6854266e+00   7.9842146e-03
   5.6923516e+00   7.9666104e-03
   5.6992766e+00   7.8864493e-03
   5.7062016e+00   7.9030791e-03
   5.7131266e+00   7.8647525e-03
   5.7200516e+00   7.7128102e-03
   5.7269766e+00   7.6621411e-03
   5.7339016e+00   7.5342341e-03
   5.7408266e+00   7.4159413e-03
   5.7477516e+00   7.2842666e-03
   5.7546766e+00   7.0767182e-03
   5.7616016e+00   6.8426010e-03
   5.7685266e+00   6.5572301e-03
   5.7754516e+00   6.3559179e-03
   5.7823766e+00   6.0435235e-03
   5.7893016e+00   5.6472002e-03
   5.7962266e+00   5.3008965e-03
   5.8031516e+00   4.9126283e-03
   5.8100766e+00   4.5438483e-03
   5.8170016e+00   4.1462908e-03
   5.8239266e+00   3.7374302e-03
   5.8308516e+00   3.3062882e-03
   5.8377766e+00   2.7950500e-03
   5.8447017e+00   2.4270495e-03
   5.8516267e+00   2.0008445e-03
   5.8585517e+00   1.5752241e-03
   5.8654767e+00   1.1054307e-03
   5.8724017e+00   6.5915292e-04
   5.8793267e+00   2.9232168e-04
   5.8862517e+00  -3.8326621e-05
   5.8931767e+00  -3.5585293e-04
   5.9001017e+00  -7.1488892e-04
   5.9070267e+00  -1.0137716e-03
   5.9139517e+00  -1.3255814e-03
   5.9208767e+00  -1.5513187e-03
   5.9278017e+00  -1.7898532e-03
   5.9347267e+00  -1.9809666e-03
   5.9416517e+00  -2.1884500e-03
   5.9485767e+00  -2.4199688e-03
   5.9555017e+00  -2.5466415e-03
   5.9624267e+00  -2.6511628e-03
   5.9693517e+00  -2.7864103e-03
   5.9762767e+00  -2.8651423e-03
   5.9832017e+00  -2.9341951e-03
   5.9901267e+00  -3.0208523e-03
   5.9970517e+00  -3.0168897e-03
   6.0039767e+00  -3.0509289e-03
   6.0109017e+00  -3.0528777e-03
   6.0178267e+00  -3.0906197e-03
   6.0247517e+00  -3.0954268e-03
   6.0316767e+00  -3.0532025e-03
   6.0386017e+00  -3.0179291e-03
   6.0455267e+00  -2.8610498e-03
   6.0524517e+00  -2.7263219e-03
   6.0593767e+00  -2.6666883e-03
   6.0663017e+00  -2.5680785e-03
   6.0732267e+00  -2.4100299e-03
   6.0801517e+00  -2.2513317e-03
   6.0870767e+00  -2.0864623e-03
   6.0940017e+00  -1.8963882e-03
   6.1009267e+00  -1.6897493e-03
   6.1078517e+00  -1.4958425e-03
   6.1147767e+00  -1.1568143e-03
   6.1217017e+00  -7.9797324e-04
   6.1286267e+00  -5.3585813e-04
   6.1355517e+00  -2.2775107e-04
   6.1424767e+00   1.0133818e-04
   6.1494017e+00   4.5667143e-04
   6.1563267e+00   9.1899441e-04
   6.1632517e+00   1.3401975e-03
   6.1701767e+00   1.7162531e-03
   6.1771017e+00   2.0606730e-03
   6.1840267e+00   2.4919449e-03
   6.1909517e+00   3.0159153e-03
   6.1978767e+00   3.4520592e-03
   6.2048018e+00   3.9156165e-03
   6.2117268e+00   4.3724828e-03
   6.2186518e+00   4.7681564e-03
   6.2255768e+00   5.2022216e-03
   6.2325018e+00   5.6547356e-03
   6.2394268e+00   6.0598285e-03
   6.2463518e+00   6.4360140e-03
   6.2532768e+00   6.7749773e-03
   6.2602018e+00   7.0991945e-03
   6.2671268e+00   7.4110692e-03
   6.2740518e+00   7.6650643e-03
   6.2809768e+00   7.9704430e-03
   6.2879018e+00   8.1032220e-03
   6.2948268e+00   8.3351955e-03
   6.3017518e+00   8.5163700e-03
   6.3086768e+00   8.5918540e-03
   6.3156018e+00   8.6431727e-03
   6.3225268e+00   8.7107315e-03
   6.3294518e+00   8.7622450e-03
   6.3363768e+00   8.7682214e-03
   6.3433018e+00   8.7310641e-03
   6.3502268e+00   8.7233987e-03
   6.3571518e+00   8.6960504e-03
   6.3640768e+00   8.6289463e-03
   6.3710018e+00   8.5958166e-03
   6.3779268e+00   8.4408211e-03
   6.3848518e+00   8.3553332e-03
   6.3917768e+00   8.2193712e-03
   6.3987018e+00   8.0959465e-03
   6.4056268e+00   7.9473821e-03
   6.4125518e+00   7.8051838e-03
   6.4194768e+00   7.7095622e-03
   6.4264018e+00   7.5600883e-03
   6.4333268e+00   7.4647915e-03
   6.4402518e+00   7.3509809e-03
   6.4471768e+00   7.2250877e-03
   6.4541018e+00   7.1484994e-03
   6.4610268e+00   7.0634663e-03
   6.4679518e+00   6.9260101e-03
   6.4748768e+00   6.8377939e-03
   6.4818018e+00   6.7804339e-03
   6.4887268e+00   6.7192413e-03
   6.4956518e+00   6.6892296e-03
   6.5025768e+00   6.7146940e-03
   6.5095018e+00   6.7620501e-03
   6.5164268e+00   6.7222944e-03
   6.5233518e+00   6.7284656e-03
   6.5302768e+00   6.7644537e-03
   6.5372018e+00   6.8177862e-03
   6.5441268e+00   6.8976874e-03
   6.5510518e+00   7.0072106e-03
   6.5579769e+00   7.0781473e-03
   6.5649019e+00   7.1740938e-03
   6.5718269e+00   7.3732623e-03
   6.5787519e+00   7.5370924e-03
   6.5856769e+00   7.6193322e-03
   6.5926019e+00   7.7884241e-03
   6.5995269e+00   7.9430298e-03
   6.6064519e+00   8.0809406e-03
   6.6133769e+00   8.2406132e-03
   6.6203019e+00   8.4169806e-03
   6.6272269e+00   8.5363778e-03
   6.6341519e+00   8.6620761e-03
   6.6410769e+00   8.7979732e-03
   6.6480019e+00   8.9527088e-03
   6.6549269e+00   9.0332597e-03
   6.6618519e+00   9.1804599e-03
   6.6687769e+00   9.2732233e-03
   6.6757019e+00   9.3230479e-03
   6.6826269e+00   9.4138625e-03
   6.6895519e+00   9.4236716e-03
   6.6964769e+00   9.4110692e-03
   6.7034019e+00   9.3921658e-03
   6.7103269e+00   9.3985319e-03
   6.7172519e+00   9.3671560e-03
   6.7241769e+00   9.2402235e-03
   6.7311019e+00   9.1378459e-03
   6.7380269e+00   8.9304924e-03
   6.7449519e+00   8.7465896e-03
   6.7518769e+00   8.5971807e-03
   6.7588019e+00   8.3844355e-03
   6.7657269e+00   8.0869819e-03
   6.7726519e+00   7.7734832e-03
   6.7795769e+00   7.5018839e-03
   6.7865019e+00   7.1937768e-03
   6.7934269e+00   6.8205794e-03
   6.8003519e+00   6.4027543e-03
   6.8072769e+00   5.8972976e-03
   6.8142019e+00   5.3764454e-03
   6.8211269e+00   4.9440042e-03
   6.8280519e+00   4.4556970e-03
   6.8349769e+00   3.9145121e-03
   6.8419019e+00   3.2985579e-03
   6.8488269e+00   2.7281408e-03
   6.8557519e+00   2.1839678e-03
   6.8626769e+00   1.6445368e-03
   6.8696019e+00   1.0593088e-03
   6.8765269e+00   4.7505522e-04
   6.8834519e+00  -1.6707808e-04
   6.8903769e+00  -7.7835520e-04
   6.8973019e+00  -1.3638431e-03
   6.9042269e+00  -1.9135377e-03
   6.9111520e+00  -2.4217227e-03
   6.9180770e+00  -2.9423152e-03
   6.9250020e+00  -3.5732753e-03
   6.9319270e+00  -4.0456671e-03
   6.9388520e+00  -4.5409250e-03
   6.9457770e+00  -5.0278030e-03
   6.9527020e+00  -5.4632324e-03
   6.9596270e+00  -5.9210731e-03
   6.9665520e+00  -6.2847863e-03
   6.9734770e+00  -6.6769521e-03
   6.9804020e+00  -6.9543978e-03
   6.9873270e+00  -7.2814083e-03
   6.9942520e+00  -7.5967910e-03
   7.0011770e+00  -7.8068728e-03
   7.0081020e+00  -7.9958425e-03
   7.0150270e+00  -8.2033909e-03
   7.0219520e+00  -8.3153177e-03
   7.0288770e+00  -8.3957386e-03
   7.0358020e+00  -8.4785631e-03
   7.0427270e+00  -8.4653761e-03
   7.0496520e+00  -8.4697934e-03
   7.0565770e+00  -8.4582954e-03
   7.0635020e+00  -8.4252306e-03
   7.0704270e+00  -8.2875146e-03
   7.0773520e+00  -8.1978693e-03
   7.0842770e+00  -8.0456671e-03
