GSSI1p5optpulse
7.8514850e-06
9.7512211e-06
1.1482613e-05
1.3111777e-05
1.4704832e-05
1.6327896e-05
1.8047089e-05
1.9928524e-05
2.2038324e-05
2.4442605e-05
2.7207487e-05
3.0399086e-05
3.4083518e-05
3.8326907e-05
4.3195367e-05
4.8755013e-05
5.5071971e-05
6.2212348e-05
7.0242269e-05
7.9227859e-05
8.9235225e-05
0.00010035785
0.00011279866
0.00012678793
0.00014255595
0.00016033299
0.00018034935
0.00020283530
0.00022802113
0.00025613711
0.00028741357
0.00032214948
0.00036091887
0.00040436446
0.00045312900
0.00050785521
0.00056918582
0.00063776365
0.00071423140
0.00079923170
0.00089340750
0.00099758396
0.0011133172
0.0012423459
0.0013864085
0.0015472437
0.0017265901
0.0019261863
0.0021477710
0.0023930827
0.0026638603
0.0029622982
0.0032924146
0.0036586840
0.0040655807
0.0045175785
0.0050191525
0.0055747759
0.0061889244
0.0068660714
0.0076106912
0.0084283389
0.0093288962
0.010323323
0.011422581
0.012637632
0.013979439
0.015458960
0.017087158
0.018874995
0.020833435
0.022975864
0.025325393
0.027907560
0.030747902
0.033871956
0.037305258
0.041073352
0.045201771
0.049716048
0.054641731
0.060009517
0.065870762
0.072282001
0.079299740
0.086980507
0.095380843
0.10455724
0.11456624
0.12546438
0.13730815
0.15016446
0.16414164
0.17935841
0.19593346
0.21398549
0.23363322
0.25499532
0.27819052
0.30333751
0.33055505
0.35998136
0.39183304
0.42634627
0.46375725
0.50430214
0.54821706
0.59573829
0.64710188
0.70254409
0.76230109
0.82664371
0.89598161
0.97075903
1.0514205
1.1384100
1.2321721
1.3331511
1.4417913
1.5585368
1.6838323
1.8181792
1.9623088
2.1170094
2.2830696
2.4612780
2.6524227
2.8572924
3.0766757
3.3113608
3.5621364
3.8298788
4.1158156
4.4212623
4.7475343
5.0959473
5.4678173
5.8644590
6.2871881
6.7373199
7.2161713
7.7251797
8.2662764
8.8415165
9.4529533
10.102643
10.792639
11.524996
12.301767
13.125010
13.996776
14.919275
15.895338
16.927948
18.020090
19.174747
20.394905
21.683544
23.043655
24.478216
25.990215
27.582804
29.259806
31.025215
32.883026
34.837227
36.891815
39.050785
41.318127
43.697830
46.193897
48.810455
51.552208
54.424000
57.430676
60.577072
63.868042
67.308426
70.903069
74.656807
78.574493
82.661018
86.921501
91.361115
95.985016
100.79839
105.80638
111.01418
116.42694
122.04984
127.88805
133.94662
140.23019
146.74329
153.49043
160.47615
167.70497
175.18141
182.91000
190.89526
199.14172
207.65356
216.43367
225.48453
234.80867
244.40862
254.28690
264.44604
274.88852
285.61691
296.63373
307.94089
319.53799
331.42407
343.59811
356.05914
368.80618
381.83823
395.15430
408.75342
422.63458
436.79602
451.23285
465.93930
480.90970
496.13834
511.61951
527.34747
543.31653
559.52100
575.95520
592.61249
609.48297
626.55579
643.82019
661.26526
678.88025
696.65436
714.57672
732.63660
750.82306
769.12469
787.52710
806.01532
824.57422
843.18884
861.84412
880.52502
899.21649
917.90344
936.57098
955.20361
973.78479
992.29742
1010.7245
1029.0493
1047.2545
1065.3234
1083.2388
1100.9838
1118.5414
1135.8949
1153.0283
1169.9260
1186.5724
1202.9517
1219.0483
1234.8464
1250.3306
1265.4849
1280.2937
1294.7423
1308.8187
1322.5122
1335.8115
1348.7059
1361.1844
1373.2360
1384.8496
1396.0143
1406.7192
1416.9545
1426.7151
1435.9971
1444.7965
1453.1096
1460.9325
1468.2612
1475.0918
1481.4205
1487.2434
1492.5579
1497.3662
1501.6724
1505.4797
1508.7922
1511.6134
1513.9470
1515.7966
1517.1663
1518.0592
1518.4803
1518.4382
1517.9425
1517.0027
1515.6282
1513.8289
1511.6141
1508.9935
1505.9767
1502.5732
1498.7931
1494.6479
1490.1500
1485.3115
1480.1444
1474.6610
1468.8733
1462.7936
1456.4338
1449.8064
1442.9231
1435.7952
1428.4337
1420.8497
1413.0542
1405.0582
1396.8728
1388.5089
1379.9778
1371.2902
1362.4567
1353.4851
1344.3829
1335.1572
1325.8154
1316.3649
1306.8127
1297.1663
1287.4330
1277.6200
1267.7339
1257.7784
1247.7565
1237.6710
1227.5249
1217.3212
1207.0626
1196.7522
1186.3931
1175.9879
1165.5393
1155.0477
1144.5133
1133.9359
1123.3159
1112.6531
1101.9475
1091.1995
1080.4088
1069.5756
1058.6998
1047.7816
1036.8206
1025.8167
1014.7697
1003.6795
992.54608
981.36920
970.14868
958.88446
947.57672
936.22729
924.83838
913.41217
901.95081
890.45648
878.93146
867.37781
855.79785
844.19366
832.56805
820.92609
809.27332
797.61548
785.95807
774.30676
762.66711
751.04486
739.44556
727.87476
716.33862
704.84479
693.40155
682.01709
670.69952
659.45703
648.29791
637.23022
626.26221
615.40210
604.65802
594.03833
583.55133
573.20532
563.00861
552.96960
543.09656
533.39777
523.88159
514.55634
505.42987
496.50821
487.79691
479.30148
471.02753
462.98059
455.16620
447.58990
440.25726
433.17386
426.34439
419.77039
413.45248
407.39142
401.58783
396.04245
390.75595
385.72900
380.96228
376.45651
372.21146
368.22342
364.48782
361.00003
357.75546
354.74951
351.97763
349.43515
347.11752
345.02014
343.13776
341.46252
339.98596
338.69962
337.59497
336.66354
335.89685
335.28644
334.82376
334.50040
334.30762
334.23587
334.27539
334.41641
334.64917
334.96393
335.35083
335.80020
336.30225
336.84717
337.42548
338.02866
338.64844
339.27658
339.90479
340.52484
341.12842
341.70728
342.25320
342.75787
343.21362
343.61514
343.95761
344.23627
344.44641
344.58319
344.64188
344.61774
344.50592
344.30176
344.00110
343.60266
343.10580
342.50986
341.81421
341.01822
340.12125
339.12268
338.02185
336.81812
335.51141
334.10397
332.59854
330.99783
329.30469
327.52182
325.65201
323.69800
321.66260
319.54852
317.35886
315.09787
312.77014
310.38022
307.93268
305.43207
302.88300
300.28998
297.65762
294.99048
292.29312
289.57016
286.82614
284.06567
281.29337
278.51376
275.73151
272.95114
270.17731
267.41455
264.66727
261.93893
259.23285
256.55228
253.90053
251.28085
248.69655
246.15088
243.64714
241.18861
238.77826
236.41779
234.10863
231.85217
229.64984
227.50304
225.41316
223.38164
221.40985
219.49922
217.65088
215.86484
214.14084
212.47861
210.87790
209.33842
207.85994
206.44217
205.08485
203.78773
202.55038
201.37170
200.25044
199.18538
198.17523
197.21877
196.31474
195.46188
194.65897
193.90472
193.19788
192.53703
191.92073
191.34755
190.81604
190.32477
189.87230
189.45718
189.07799
188.73326
188.42165
188.14203
187.89339
187.67465
187.48480
187.32278
187.18758
187.07813
186.99339
186.93234
186.89404
186.87796
186.88371
186.91086
186.95900
187.02774
187.11665
187.22533
187.35335
187.50032
187.66591
187.85013
188.05307
188.27487
188.51559
188.77536
189.05426
189.35242
189.66991
190.00684
190.36336
190.73972
191.13622
191.55316
191.99086
192.44960
192.92969
193.43141
193.95506
194.50098
195.06940
195.66052
196.27449
196.91145
197.57158
198.25502
198.96193
199.69244
200.44675
201.22498
202.02722
202.85333
203.70309
204.57629
205.47269
206.39209
207.33426
208.29898
209.28606
210.29524
211.32626
212.37854
213.45143
214.54428
215.65643
216.78725
217.93607
219.10225
220.28516
221.48412
222.69844
223.92720
225.16939
226.42406
227.69019
228.96680
230.25291
231.54756
232.84972
234.15843
235.47267
236.79134
238.11327
239.43735
240.76241
242.08731
243.41093
244.73212
246.04973
247.36263
248.66966
249.96974
251.26175
252.54459
253.81712
255.07829
256.32693
257.56201
258.78238
259.98691
261.17456
262.34439
263.49542
264.62683
265.73761
266.82690
267.89374
268.93723
269.95645
270.95050
271.91849
272.85971
273.77356
274.65939
275.51657
276.34442
277.14233
277.90967
278.64578
279.35004
280.02185
280.66080
281.26660
281.83887
282.37732
282.88156
283.35129
283.78616
284.18585
284.54999
284.87833
285.17075
285.42719
285.64764
285.83203
285.98029
286.09241
286.16833
286.20801
286.21140
286.17847
286.10938
286.00430
285.86346
285.68701
285.47513
285.22803
284.94589
284.62891
284.27722
283.89108
283.47083
283.01675
282.52924
282.00864
281.45526
280.86951
280.25168
279.60214
278.92123
278.20932
277.46683
276.69415
275.89172
275.05994
274.19925
273.31006
272.39276
271.44781
270.47565
269.47665
268.45123
267.39978
266.32275
265.22052
264.09351
262.94211
261.76672
260.56778
259.34567
258.10080
256.83350
255.54408
254.23288
252.90024
251.54646
250.17189
248.77684
247.36163
245.92659
244.47203
242.99820
241.50529
239.99356
238.46320
236.91443
235.34747
233.76256
232.15990
230.53972
228.90222
227.24756
225.57585
223.88727
222.18195
220.45999
218.72157
216.96683
215.19586
213.40886
211.60593
209.78720
207.95282
206.10292
204.23763
202.35707
200.46138
198.55069
196.62514
194.68484
192.72997
190.76071
188.77730
186.77994
184.76888
182.74432
180.70651
178.65565
176.59198
174.51572
172.42711
170.32652
168.21437
166.09106
163.95699
161.81255
159.65816
157.49420
155.32111
153.13927
150.94911
148.75124
146.54625
144.33479
142.11748
139.89493
137.66776
135.43660
133.20206
130.96478
128.72540
126.48471
124.24350
122.00259
119.76279
117.52489
115.28971
113.05806
110.83074
108.60857
106.39235
104.18298
101.98133
99.788300
97.604774
95.431648
93.269798
91.120132
88.983521
86.860863
84.753036
82.660866
80.585182
78.526787
76.486519
74.465179
72.463608
70.482605
68.522995
66.585602
64.671204
62.780434
60.913887
59.072155
57.255836
55.465519
53.701801
51.965279
50.256546
48.576195
46.924763
45.302567
43.709866
42.146912
40.613960
39.111275
37.639114
36.197727
34.787376
33.408321
32.060753
30.744617
29.459801
28.206186
26.983658
25.792099
24.631395
23.501429
22.402084
21.333244
20.294741
19.286186
18.307140
17.357162
16.435812
15.542650
14.677235
13.839125
13.027881
12.243063
11.484196
10.750667
10.041828
9.3570356
8.6956406
8.0569973
7.4404583
6.8453774
6.2711072
5.7170010
5.1824031
4.6666207
4.1689510
3.6886928
3.2251427
2.7775991
2.3453600
1.9277225
1.5239854
1.1334454
0.75541508
0.38926321
0.034372807
-0.30987298
-0.64409125
-0.96889889
-1.2849127
-1.5927500
-1.8930274
-2.1863620
-2.4733407
-2.7544308
-3.0300691
-3.3006926
-3.5667381
-3.8286433
-4.0868449
-4.3417797
-4.5938845
-4.8435974
-5.0913196
-5.3373137
-5.5818062
-5.8250251
-6.0671973
-6.3085499
-6.5493097
-6.7897043
-7.0299606
-7.2703066
-7.5109391
-7.7519369
-7.9933510
-8.2352295
-8.4776230
-8.7205801
-8.9641514
-9.2083864
-9.4533339
-9.6990442
-9.9455490
-10.192814
-10.440784
-10.689404
-10.938625
-11.188392
-11.438649
-11.689346
-11.940429
-12.191843
-12.443534
-12.695435
-12.947477
-13.199593
-13.451714
-13.703770
-13.955694
-14.207417
-14.458870
-14.709986
-14.960704
-15.211005
-15.460877
-15.710311
-15.959293
-16.207815
-16.455864
-16.703430
-16.950504
-17.197071
-17.443138
-17.688776
-17.934067
-18.179098
-18.423954
-18.668718
-18.913479
-19.158319
-19.403324
-19.648581
-19.894188
-20.140308
-20.387125
-20.634815
-20.883560
-21.133539
-21.384932
-21.637917
-21.892673
-22.149384
-22.408236
-22.669458
-22.933290
-23.199972
-23.469742
-23.742838
-24.019501
-24.299969
-24.584478
-24.873272
-25.166588
-25.464672
-25.767769
-26.076122
-26.389982
-26.709591
-27.035196
-27.367041
-27.705374
-28.050438
-28.402473
-28.761684
-29.128275
-29.502439
-29.884382
-30.274300
-30.672390
-31.078857
-31.493896
-31.917709
-32.350483
-32.792343
-33.243408
-33.703800
-34.173630
-34.653015
-35.142075
-35.640923
-36.149677
-36.668457
-37.197361
-37.736423
-38.285671
-38.845127
-39.414806
-39.994740
-40.584942
-41.185440
-41.796257
-42.417408
-43.048908
-43.690708
-44.342751
-45.004974
-45.677322
-46.359737
-47.052155
-47.754520
-48.466770
-49.188850
-49.920692
-50.662193
-51.413250
-52.173756
-52.943604
-53.722683
-54.510887
-55.308113
-56.114254
-56.929199
-57.752842
-58.585068
-59.425766
-60.274822
-61.132122
-61.997551
-62.870991
-63.752335
-64.641464
-65.538269
-66.442635
-67.354485
-68.273720
-69.200264
-70.134033
-71.074944
-72.022911
-72.977852
-73.939682
-74.908325
-75.883698
-76.865761
-77.854492
-78.849854
-79.851807
-80.860344
-81.875412
-82.896996
-83.925064
-84.959572
-86.000511
-87.047897
-88.101746
-89.162086
-90.228951
-91.302353
-92.382324
-93.468887
-94.562057
-95.661880
-96.768372
-97.881592
-99.001602
-100.12846
-101.26224
-102.40300
-103.55079
-104.70569
-105.86774
-107.03703
-108.21361
-109.39754
-110.58890
-111.78774
-112.99415
-114.20818
-115.42990
-116.65939
-117.89670
-119.14191
-120.39507
-121.65623
-122.92544
-124.20271
-125.48808
-126.78161
-128.08331
-129.39322
-130.71140
-132.03786
-133.37263
-134.71570
-136.06705
-137.42665
-138.79446
-140.17047
-141.55464
-142.94696
-144.34741
-145.75594
-147.17252
-148.59706
-150.02946
-151.46964
-152.91745
-154.37282
-155.83563
-157.30580
-158.78322
-160.26778
-161.75935
-163.25781
-164.76295
-166.27461
-167.79263
-169.31682
-170.84700
-172.38301
-173.92468
-175.47183
-177.02428
-178.58182
-180.14423
-181.71127
-183.28276
-184.85846
-186.43814
-188.02159
-189.60860
-191.19893
-192.79237
-194.38870
-195.98767
-197.58907
-199.19266
-200.79822
-202.40550
-204.01428
-205.62436
-207.23546
-208.84738
-210.45993
-212.07288
-213.68605
-215.29924
-216.91223
-218.52486
-220.13689
-221.74814
-223.35841
-224.96751
-226.57529
-228.18158
-229.78629
-231.38924
-232.99028
-234.58931
-236.18616
-237.78067
-239.37274
-240.96222
-242.54903
-244.13309
-245.71436
-247.29274
-248.86818
-250.44060
-252.00995
-253.57614
-255.13911
-256.69882
-258.25522
-259.80835
-261.35815
-262.90469
-264.44791
-265.98782
-267.52444
-269.05774
-270.58774
-272.11441
-273.63785
-275.15802
-276.67502
-278.18887
-279.69965
-281.20734
-282.71201
-284.21368
-285.71246
-287.20834
-288.70139
-290.19165
-291.67920
-293.16406
-294.64630
-296.12601
-297.60318
-299.07791
-300.55026
-302.02026
-303.48795
-304.95340
-306.41660
-307.87762
-309.33652
-310.79327
-312.24799
-313.70065
-315.15134
-316.60007
-318.04681
-319.49164
-320.93451
-322.37540
-323.81436
-325.25134
-326.68637
-328.11945
-329.55054
-330.97968
-332.40680
-333.83185
-335.25482
-336.67563
-338.09421
-339.51056
-340.92462
-342.33633
-343.74564
-345.15250
-346.55682
-347.95853
-349.35754
-350.75372
-352.14703
-353.53738
-354.92462
-356.30872
-357.68958
-359.06708
-360.44113
-361.81161
-363.17841
-364.54138
-365.90045
-367.25549
-368.60638
-369.95300
-371.29526
-372.63300
-373.96613
-375.29453
-376.61804
-377.93658
-379.25003
-380.55823
-381.86108
-383.15848
-384.45026
-385.73633
-387.01657
-388.29086
-389.55911
-390.82117
-392.07697
-393.32635
-394.56921
-395.80548
-397.03497
-398.25763
-399.47336
-400.68201
-401.88358
-403.07788
-404.26489
-405.44452
-406.61664
-407.78116
-408.93799
-410.08707
-411.22830
-412.36160
-413.48691
-414.60419
-415.71329
-416.81421
-417.90686
-418.99115
-420.06702
-421.13440
-422.19321
-423.24344
-424.28500
-425.31784
-426.34192
-427.35718
-428.36356
-429.36099
-430.34946
-431.32889
-432.29922
-433.26041
-434.21243
-435.15524
-436.08881
-437.01306
-437.92795
-438.83344
-439.72949
-440.61606
-441.49313
-442.36063
-443.21851
-444.06677
-444.90533
-445.73422
-446.55334
-447.36267
-448.16217
-448.95181
-449.73157
-450.50137
-451.26123
-452.01111
-452.75098
-453.48080
-454.20056
-454.91019
-455.60971
-456.29907
-456.97824
-457.64722
-458.30600
-458.95453
-459.59286
-460.22092
-460.83871
-461.44623
-462.04343
-462.63034
-463.20694
-463.77325
-464.32928
-464.87506
-465.41058
-465.93585
-466.45090
-466.95572
-467.45032
-467.93475
-468.40903
-468.87320
-469.32733
-469.77148
-470.20566
-470.62997
-471.04443
-471.44910
-471.84402
-472.22928
-472.60492
-472.97104
-473.32779
-473.67523
-474.01343
-474.34253
-474.66260
-474.97375
-475.27606
-475.56964
-475.85464
-476.13120
-476.39941
-476.65948
-476.91153
-477.15570
-477.39212
-477.62094
-477.84232
-478.05640
-478.26331
-478.46329
-478.65649
-478.84311
-479.02328
-479.19720
-479.36508
-479.52707
-479.68335
-479.83411
-479.97952
-480.11981
-480.25516
-480.38577
-480.51184
-480.63361
-480.75119
-480.86487
-480.97479
-481.08118
-481.18423
-481.28412
-481.38104
-481.47522
-481.56683
-481.65607
-481.74310
-481.82819
-481.91147
-481.99316
-482.07343
-482.15244
-482.23038
-482.30737
-482.38367
-482.45938
-482.53467
-482.60974
-482.68475
-482.75986
-482.83521
-482.91092
-482.98709
-483.06390
-483.14142
-483.21979
-483.29916
-483.37961
-483.46130
-483.54434
-483.62878
-483.71475
-483.80228
-483.89142
-483.98227
-484.07492
-484.16937
-484.26578
-484.36417
-484.46460
-484.56711
-484.67169
-484.77838
-484.88718
-484.99808
-485.11111
-485.22632
-485.34366
-485.46320
-485.58490
-485.70874
-485.83472
-485.96277
-486.09286
-486.22501
-486.35910
-486.49515
-486.63312
-486.77298
-486.91467
-487.05817
-487.20334
-487.35019
-487.49863
-487.64859
-487.79999
-487.95279
-488.10690
-488.26227
-488.41882
-488.57648
-488.73520
-488.89484
-489.05536
-489.21671
-489.37875
-489.54144
-489.70468
-489.86841
-490.03253
-490.19702
-490.36176
-490.52667
-490.69171
-490.85678
-491.02185
-491.18680
-491.35156
-491.51611
-491.68033
-491.84418
-492.00763
-492.17059
-492.33301
-492.49487
-492.65610
-492.81662
-492.97641
-493.13544
-493.29361
-493.45093
-493.60733
-493.76285
-493.91739
-494.07098
-494.22357
-494.37512
-494.52563
-494.67508
-494.82343
-494.97067
-495.11679
-495.26184
-495.40576
-495.54861
-495.69034
-495.83096
-495.97049
-496.10892
-496.24625
-496.38251
-496.51767
-496.65182
-496.78494
-496.91705
-497.04816
-497.17831
-497.30753
-497.43579
-497.56314
-497.68964
-497.81525
-497.94006
-498.06406
-498.18729
-498.30975
-498.43152
-498.55258
-498.67297
-498.79272
-498.91190
-499.03046
-499.14847
-499.26596
-499.38293
-499.49942
-499.61545
-499.73105
-499.84625
-499.96109
-500.07553
-500.18967
-500.30344
-500.41690
-500.53006
-500.64294
-500.75555
-500.86792
-500.98004
-501.09195
-501.20361
-501.31506
-501.42630
-501.53732
-501.64816
-501.75876
-501.86917
-501.97940
-502.08942
-502.19925
-502.30887
-502.41827
-502.52747
-502.63641
-502.74515
-502.85361
-502.96182
-503.06979
-503.17746
-503.28485
-503.39194
-503.49872
-503.60516
-503.71124
-503.81699
-503.92236
-504.02737
-504.13196
-504.23611
-504.33984
-504.44315
-504.54599
-504.64835
-504.75021
-504.85159
-504.95245
-505.05280
-505.15259
-505.25180
-505.35046
-505.44852
-505.54602
-505.64291
-505.73923
-505.83493
-505.93002
-506.02451
-506.11838
-506.21161
-506.30423
-506.39621
-506.48755
-506.57831
-506.66843
-506.75793
-506.84680
-506.93509
-507.02280
-507.10986
-507.19635
-507.28226
-507.36758
-507.45233
-507.53656
-507.62027
-507.70343
-507.78610
-507.86832
-507.95001
-508.03125
-508.11206
-508.19244
-508.27240
-508.35196
-508.43115
-508.50998
-508.58847
-508.66663
-508.74448
-508.82202
-508.89929
-508.97632
-509.05307
-509.12961
-509.20590
-509.28198
-509.35791
-509.43362
-509.50919
-509.58459
-509.65988
-509.73499
-509.81000
-509.88483
-509.95956
-510.03415
-510.10861
-510.18298
-510.25720
-510.33133
-510.40530
-510.47916
-510.55286
-510.62640
-510.69980
-510.77298
-510.84598
-510.91879
-510.99139
-511.06375
-511.13589
-511.20773
-511.27927
-511.35049
-511.42136
-511.49182
-511.56189
-511.63153
-511.70068
-511.76935
-511.83749
-511.90509
-511.97205
-512.03839
-512.10400
-512.16895
-512.23309
-512.29645
-512.35895
-512.42059
-512.48126
-512.54102
-512.59973
-512.65741
-512.71393
-512.76941
-512.82361
-512.87665
-512.92841
-512.97882
-513.02795
-513.07562
-513.12189
-513.16675
-513.21002
-513.25177
-513.29193
-513.33051
-513.36737
-513.40253
-513.43604
-513.46771
-513.49762
-513.52576
-513.55206
-513.57648
-513.59906
-513.61969
-513.63843
-513.65521
-513.66998
-513.68280
-513.69366
-513.70251
-513.70935
-513.71417
-513.71698
-513.71771
-513.71643
-513.71307
-513.70770
-513.70032
-513.69092
-513.67944
-513.66602
-513.65057
-513.63318
-513.61383
-513.59247
-513.56921
-513.54401
-513.51691
-513.48792
-513.45709
-513.42438
-513.38989
-513.35364
-513.31561
-513.27582
-513.23431
-513.19110
-513.14630
-513.09979
-513.05170
-513.00208
-512.95087
-512.89813
-512.84399
-512.78833
-512.73126
-512.67279
-512.61298
-512.55188
-512.48938
-512.42566
-512.36072
-512.29449
-512.22717
-512.15863
-512.08899
-512.01825
-511.94638
-511.87347
-511.79953
-511.72455
-511.64856
-511.57156
-511.49362
-511.41473
-511.33490
-511.25415
-511.17249
-511.08994
-511.00647
-510.92212
-510.83688
-510.75079
-510.66382
-510.57599
-510.48730
-510.39780
-510.30740
-510.21619
-510.12408
-510.03113
-509.93732
-509.84262
-509.74710
-509.65067
-509.55338
-509.45520
-509.35611
-509.25616
-509.15527
-509.05347
-508.95071
-508.84705
-508.74243
-508.63684
-508.53027
-508.42276
-508.31424
-508.20474
-508.09424
-507.98273
-507.87018
-507.75662
-507.64206
-507.52643
-507.40976
-507.29205
-507.17328
-507.05347
-506.93262
-506.81070
-506.68774
-506.56372
-506.43866
-506.31256
-506.18539
-506.05722
-505.92798
-505.79776
-505.66653
-505.53433
-505.40115
-505.26703
-505.13196
-504.99594
-504.85901
-504.72122
-504.58255
-504.44305
-504.30276
-504.16168
-504.01987
-503.87735
-503.73413
-503.59024
-503.44574
-503.30063
-503.15500
-503.00882
-502.86221
-502.71515
-502.56769
-502.41992
-502.27182
-502.12344
-501.97485
-501.82608
-501.67715
-501.52817
-501.37912
-501.23007
-501.08109
-500.93219
-500.78345
-500.63486
-500.48651
-500.33844
-500.19067
-500.04327
-499.89624
-499.74966
-499.60358
-499.45798
-499.31296
-499.16852
-499.02472
-498.88159
-498.73917
-498.59747
-498.45654
-498.31638
-498.17706
-498.03857
-497.90097
-497.76428
-497.62854
-497.49371
-497.35986
-497.22699
-497.09506
-496.96414
-496.83420
-496.70523
-496.57730
-496.45038
-496.32446
-496.19958
-496.07568
-495.95279
-495.83087
-495.70990
-495.58990
-495.47086
-495.35272
-495.23550
-495.11920
-495.00378
-494.88919
-494.77542
-494.66241
-494.55017
-494.43863
-494.32776
-494.21756
-494.10794
-493.99890
-493.89041
-493.78241
-493.67484
-493.56766
-493.46082
-493.35431
-493.24802
-493.14197
-493.03607
-492.93030
-492.82458
-492.71887
-492.61316
-492.50732
-492.40137
-492.29523
-492.18884
-492.08215
-491.97513
-491.86771
-491.75986
-491.65152
-491.54263
-491.43314
-491.32303
-491.21222
-491.10068
-490.98837
-490.87521
-490.76117
-490.64621
-490.53030
-490.41342
-490.29550
-490.17651
-490.05643
-489.93518
-489.81281
-489.68921
-489.56436
-489.43826
-489.31088
-489.18219
-489.05215
-488.92078
-488.78802
-488.65387
-488.51831
-488.38129
-488.24280
-488.10287
-487.96143
-487.81854
-487.67413
-487.52826
-487.38086
-487.23196
-487.08154
-486.92963
-486.77618
-486.62122
-486.46472
-486.30673
-486.14722
-485.98624
-485.82373
-485.65976
-485.49429
-485.32736
-485.15897
-484.98907
-484.81775
-484.64499
-484.47079
-484.29520
-484.11819
-483.93976
-483.75998
-483.57880
-483.39627
-483.21237
-483.02713
-482.84055
-482.65265
-482.46341
-482.27289
-482.08105
-481.88794
-481.69354
-481.49786
-481.30093
-481.10272
-480.90323
-480.70248
-480.50046
-480.29718
-480.09262
-479.88681
-479.67972
-479.47137
-479.26175
-479.05084
-478.83865
-478.62515
-478.41034
-478.19418
-477.97672
-477.75787
-477.53769
-477.31613
-477.09317
-476.86880
-476.64301
-476.41574
-476.18698
-475.95673
-475.72495
-475.49158
-475.25665
-475.02011
-474.78195
-474.54211
-474.30054
-474.05725
-473.81219
-473.56531
-473.31659
-473.06598
-472.81345
-472.55896
-472.30252
-472.04401
-471.78345
-471.52078
-471.25595
-470.98895
-470.71970
-470.44821
-470.17438
-469.89819
-469.61963
-469.33865
-469.05518
-468.76920
-468.48065
-468.18951
-467.89572
-467.59927
-467.30008
-466.99814
-466.69339
-466.38580
-466.07535
-465.76199
-465.44568
-465.12640
-464.80414
-464.47879
-464.15039
-463.81888
-463.48419
-463.14636
-462.80533
-462.46109
-462.11362
-461.76285
-461.40878
-461.05139
-460.69064
-460.32654
-459.95901
-459.58810
-459.21381
-458.83606
-458.45486
-458.07025
-457.68216
-457.29062
-456.89557
-456.49704
-456.09500
-455.68948
-455.28049
-454.86801
-454.45203
-454.03259
-453.60965
-453.18323
-452.75336
-452.32001
-451.88321
-451.44296
-450.99930
-450.55222
-450.10175
-449.64792
-449.19073
-448.73019
-448.26633
-447.79916
-447.32870
-446.85501
-446.37808
-445.89795
-445.41464
-444.92819
-444.43863
-443.94595
-443.45023
-442.95145
-442.44968
-441.94492
-441.43723
-440.92664
-440.41318
-439.89688
-439.37781
-438.85596
-438.33136
-437.80408
-437.27414
-436.74158
-436.20642
-435.66873
-435.12854
-434.58588
-434.04077
-433.49326
-432.94339
-432.39120
-431.83673
-431.28000
-430.72107
-430.15994
-429.59671
-429.03134
-428.46393
-427.89444
-427.32300
-426.74957
-426.17422
-425.59698
-425.01788
-424.43695
-423.85419
-423.26968
-422.68341
-422.09546
-421.50580
-420.91449
-420.32159
-419.72708
-419.13098
-418.53339
-417.93427
-417.33365
-416.73160
-416.12811
-415.52322
-414.91696
-414.30936
-413.70041
-413.09015
-412.47861
-411.86581
-411.25174
-410.63644
-410.01996
-409.40225
-408.78339
-408.16339
-407.54224
-406.91998
-406.29660
-405.67218
-405.04666
-404.42010
-403.79254
-403.16394
-402.53436
-401.90378
-401.27225
-400.63980
-400.00638
-399.37207
-398.73685
-398.10074
-397.46378
-396.82596
-396.18732
-395.54782
-394.90753
-394.26648
-393.62460
-392.98199
-392.33859
-391.69449
-391.04965
-390.40408
-389.75784
-389.11090
-388.46326
-387.81500
-387.16608
-386.51651
-385.86633
-385.21552
-384.56412
-383.91214
-383.25958
-382.60645
-381.95276
-381.29852
-380.64371
-379.98837
-379.33249
-378.67609
-378.01917
-377.36169
-376.70374
-376.04523
-375.38623
-374.72672
-374.06665
-373.40607
-372.74496
-372.08331
-371.42114
-370.75842
-370.09515
-369.43134
-368.76694
-368.10196
-367.43637
-366.77017
-366.10333
-365.43585
-364.76767
-364.09885
-363.42932
-362.75906
-362.08804
-361.41623
-360.74362
-360.07019
-359.39587
-358.72067
-358.04453
-357.36743
-356.68936
-356.01025
-355.33011
-354.64890
-353.96652
-353.28299
-352.59830
-351.91232
-351.22513
-350.53659
-349.84674
-349.15549
-348.46283
-347.76877
-347.07318
-346.37610
-345.67746
-344.97726
-344.27542
-343.57193
-342.86676
-342.15988
-341.45126
-340.74088
-340.02875
-339.31482
-338.59906
-337.88147
-337.16202
-336.44070
-335.71747
-334.99237
-334.26535
-333.53641
-332.80560
-332.07291
-331.33832
-330.60181
-329.86343
-329.12317
-328.38101
-327.63702
-326.89117
-326.14355
-325.39417
-324.64304
-323.89020
-323.13571
-322.37955
-321.62180
-320.86246
-320.10159
-319.33926
-318.57550
-317.81036
-317.04395
-316.27625
-315.50732
-314.73727
-313.96613
-313.19394
-312.42075
-311.64667
-310.87173
-310.09604
-309.31961
-308.54254
-307.76489
-306.98672
-306.20810
-305.42911
-304.64978
-303.87021
-303.09042
-302.31049
-301.53046
-300.75040
-299.97037
-299.19043
-298.41064
-297.63104
-296.85172
-296.07263
-295.29385
-294.51544
-293.73737
-292.95975
-292.18256
-291.40585
-290.62967
-289.85403
-289.07895
-288.30438
-287.53040
-286.75693
-285.98401
-285.21164
-284.43979
-283.66849
-282.89771
-282.12744
-281.35770
-280.58838
-279.81949
-279.05099
-278.28284
-277.51501
-276.74747
-275.98016
-275.21307
-274.44617
-273.67935
-272.91263
-272.14587
-271.37912
-270.61221
-269.84518
-269.07791
-268.31036
-267.54248
-266.77420
-266.00549
-265.23630
-264.46655
-263.69623
-262.92523
-262.15353
-261.38107
-260.60782
-259.83371
-259.05869
-258.28271
-257.50580
-256.72791
-255.94897
-255.16902
-254.38800
-253.60590
-252.82266
-252.03830
-251.25278
-250.46611
-249.67831
-248.88939
-248.09938
-247.30830
-246.51616
-245.72296
-244.92874
-244.13351
-243.33730
-242.54016
-241.74213
-240.94330
-240.14369
-239.34340
-238.54247
-237.74094
-236.93889
-236.13637
-235.33345
-234.53020
-233.72670
-232.92303
-232.11929
-231.31555
-230.51189
-229.70839
-228.90514
-228.10220
-227.29968
-226.49763
-225.69615
-224.89529
-224.09514
-223.29576
-222.49722
-221.69962
-220.90302
-220.10748
-219.31310
-218.51987
-217.72787
-216.93712
-216.14766
-215.35950
-214.57271
-213.78729
-213.00330
-212.22076
-211.43971
-210.66011
-209.88196
-209.10522
-208.32986
-207.55586
-206.78322
-206.01187
-205.24181
-204.47301
-203.70543
-202.93900
-202.17363
-201.40924
-200.64574
-199.88304
-199.12105
-198.35970
-197.59888
-196.83852
-196.07852
-195.31877
-194.55914
-193.79950
-193.03973
-192.27972
-191.51933
-190.75844
-189.99692
-189.23465
-188.47151
-187.70737
-186.94211
-186.17560
-185.40771
-184.63834
-183.86734
-183.09460
-182.32001
-181.54341
-180.76471
-179.98381
-179.20064
-178.41510
-177.62712
-176.83661
-176.04350
-175.24771
-174.44914
-173.64774
-172.84340
-172.03613
-171.22591
-170.41273
-169.59657
-168.77745
-167.95534
-167.13022
-166.30209
-165.47096
-164.63681
-163.79971
-162.95972
-162.11691
-161.27136
-160.42314
-159.57230
-158.71893
-157.86310
-157.00487
-156.14432
-155.28157
-154.41676
-153.55000
-152.68143
-151.81117
-150.93936
-150.06612
-149.19159
-148.31587
-147.43912
-146.56148
-145.68307
-144.80408
-143.92462
-143.04485
-142.16492
-141.28497
-140.40515
-139.52560
-138.64648
-137.76790
-136.88997
-136.01282
-135.13657
-134.26132
-133.38721
-132.51434
-131.64284
-130.77281
-129.90437
-129.03760
-128.17252
-127.30920
-126.44768
-125.58803
-124.73029
-123.87450
-123.02074
-122.16905
-121.31947
-120.47198
-119.62656
-118.78317
-117.94181
-117.10243
-116.26501
-115.42953
-114.59595
-113.76426
-112.93441
-112.10632
-111.27991
-110.45507
-109.63172
-108.80977
-107.98912
-107.16969
-106.35137
-105.53409
-104.71774
-103.90221
-103.08737
-102.27312
-101.45931
-100.64585
-99.832603
-99.019455
-98.206284
-97.392967
-96.579391
-95.765442
-94.951027
-94.136032
-93.320351
-92.503891
-91.686539
-90.868195
-90.048752
-89.228111
-88.406174
-87.582870
-86.758163
-85.931992
-85.104309
-84.275063
-83.444199
-82.611671
-81.777420
-80.941391
-80.103554
-79.263908
-78.422478
-77.579277
-76.734322
-75.887627
-75.039215
-74.189110
-73.337311
-72.483856
-71.628761
-70.772095
-69.913940
-69.054367
-68.193466
-67.331299
-66.467957
-65.603508
-64.738037
-63.871620
-63.004341
-62.136299
-61.267609
-60.398380
-59.528717
-58.658730
-57.788532
-56.918232
-56.047932
-55.177750
-54.307789
-53.438152
-52.568943
-51.700264
-50.832214
-49.964897
-49.098412
-48.232864
-47.368355
-46.504982
-45.642845
-44.782005
-43.922531
-43.064476
-42.207905
-41.352875
-40.499451
-39.647690
-38.797653
-37.949402
-37.102985
-36.258415
-35.415695
-34.574821
-33.735802
-32.898628
-32.063309
-31.229843
-30.398232
-29.568476
-28.740566
-27.914457
-27.090092
-26.267416
-25.446371
-24.626904
-23.808952
-22.992468
-22.177391
-21.363665
-20.551228
-19.739992
-18.929865
-18.120750
-17.312559
-16.505194
-15.698561
-14.892569
-14.087123
-13.282128
-12.477491
-11.673112
-10.868886
-10.064713
-9.2604885
-8.4561119
-7.6514816
-6.8464937
-6.0410476
-5.2350388
-4.4283705
-3.6209559
-2.8127136
-2.0035610
-1.1934166
-0.38219738
0.43017817
1.2437921
2.0587268
2.8750644
3.6928802
4.5122223
5.3331323
6.1556511
6.9798203
7.8056817
8.6332750
9.4626436
10.293827
11.126869
11.961801
12.798620
13.637321
14.477891
15.320323
16.164606
17.010731
17.858690
18.708471
19.560068
20.413460
21.268597
22.125418
22.983862
23.843868
24.705376
25.568325
26.432657
27.298307
28.165218
29.033321
29.902515
30.772692
31.643745
32.515564
33.388046
34.261078
35.134556
36.008369
36.882412
37.756569
38.630692
39.504635
40.378250
41.251377
42.123871
42.995583
43.866356
44.736042
45.604492
46.471546
47.337021
48.200722
49.062458
49.922035
50.779266
51.633957
52.485916
53.334949
54.180866
55.023468
55.862530
56.697819
57.529106
58.356155
59.178738
59.996620
60.809570
61.617359
62.419750
63.216511
64.007378
64.792076
65.570351
66.341927
67.106544
67.863930
68.613815
69.355934
70.090019
70.815804
71.532990
72.241302
72.940437
73.630104
74.310013
74.979874
75.639397
76.288284
76.926254
77.553009
78.168251
78.771698
79.363045
79.942009
80.508293
81.061607
81.601646
82.128128
82.640762
83.139252
83.623329
84.092743
84.547211
84.986481
85.410286
85.818375
86.210464
86.586304
86.945625
87.288177
87.613754
87.922157
88.213188
88.486649
88.742348
88.980080
89.199654
89.400871
89.583534
89.747459
89.892540
90.018677
90.125771
90.213730
90.282448
90.331848
90.361816
90.372261
90.363091
90.334229
90.285675
90.217468
90.129631
90.022194
89.895187
89.748634
89.582565
89.397018
89.192009
88.967598
88.723915
88.461128
88.179398
87.878891
87.559761
87.222176
86.866287
86.492271
86.100281
85.690498
85.263191
84.818642
84.357132
83.878952
83.384377
82.873703
82.347198
81.805161
81.247864
80.675613
80.088776
79.487717
78.872826
78.244476
77.603043
76.948906
76.282448
75.604042
74.914070
74.212914
73.500999
72.778755
72.046616
71.305016
70.554382
69.795151
69.027748
68.252617
67.470177
66.680870
65.885124
65.083389
64.276093
63.463680
62.646591
61.825256
61.000122
60.171623
59.340202
58.506287
57.670296
56.832642
55.993729
55.153976
54.313786
53.473576
52.633751
51.794724
50.956905
50.120693
49.286415
48.454399
47.624958
46.798412
45.975082
45.155281
44.339336
43.527565
42.720280
41.917805
41.120461
40.328560
39.542431
38.762383
37.988743
37.221825
36.461948
35.709435
34.964600
34.227764
33.499249
32.779373
32.068451
31.366806
30.674755
29.992615
29.320713
28.659359
